% Model:              AxialGradingFinal.mph
% Version:            COMSOL 4.3.2.164
% Date:               Mar 14 2014, 12:47
% Dimension:          2
% Nodes:              1031
% Expressions:        1
% Description:        Electric field norm
% Length unit:        mm
% r                       z                        es.normE (V/m)
49.79959522074166         3000                     3.773808772757662E-7
50                        3000                     9.610960183499514E-7
0                         3000                     6.706169257832576E-8
20.262590367308114        3000                     1.7670603432702158E-8
52.000000000000014        3000                     1.4412751107982222E-6
52.099999999999994        3000                     5.960775995349327E-7
55.1533063113609          3000                     19.439515532204886
55.253306311360895        3000                     4439066.492600565
58.4572875650347          3000                     25.423874462369763
58.5572875650347          3000                     4231774.607567138
61.9162530407954          3000                     4002205.034629834
62.01625304079541         3000                     23.689449008780077
65.5344368139341          3000                     24.293411693342378
65.63443681393407         3000                     3850239.023812395
69.3159812265738          3000                     3645750.529057245
69.41598122657379         3000                     22.09789627002111
73.2649197143729          3000                     20.408254302805407
73.36491971437287         3000                     3516471.9161665156
77.38515902441303         3000                     3333787.9385287273
77.485159024413           3000                     20.710095666115695
81.6804608651795          3000                     20.56916927723676
81.78046086517949         3000                     3224015.1612027166
86.1544230347219          3000                     19.72116177837891
86.2544230347219          3000                     3091949.0460100803
90.8104600782882          3000                     2936824.7625406194
90.9104600782882          3000                     20.157549991962817
95.6517835319383          3000                     18.73650109133977
95.75178353193829         3000                     2852974.8716571457
100.68138181381599        3000                     2713285.952331927
100.781381813816          3000                     17.53416787654347
105.90199982987303        3000                     2611388.5777639155
106.001999829873          3000                     16.960822862327063
111.316118365835          3000                     17.420380008529314
111.41611836583499        3000                     2547593.2262461297
116.92593334207199        3000                     2427547.109976856
117.02593334207201        3000                     16.784373920725823
122.73333501271799        3000                     2344877.7111410815
122.833335012718          3000                     15.994136849956123
128.739887194838          3000                     15.88391656085657
128.83988719483798        3000                     2298637.6721359915
134.94680661765898        3000                     15.61702746378443
135.046806617659          3000                     2226861.3278104053
141.354942485772          3000                     14.384323220079489
141.45494248577197        3000                     2160152.444682343
147.96475635380003        3000                     2065115.715433321
148.06475635380005        3000                     0
150                       3000                     0
150.94589563121627        3000                     0
49.35856015065792         3000                     2.8115454709698567E-7
48.838640858205274        3000                     1.3690441846847534E-7
48.428512036126115        3000                     2.5398312380485743E-7
46.725921140267374        3000                     2.768911448674532E-7
46.702686118950126        3000                     4.3213367462158203E-7
44.11346785005828         3000                     1.8969740057697915E-7
46.674822055813905        3000                     4.174985207951635E-7
36.61960574367133         3000                     5.967009246215726E-8
35.13050628349407         3000                     5.122274160385132E-8
34.605840423715435        3000                     4.185774373681141E-8
20.472862000221575        3000                     1.666000468656264E-8
23.960704035892082        3000                     1.2600849501541638E-8
151.90966501719114        3000                     0
153.123429964014          3000                     0
153.9271199142358         3000                     0
154.33632394586945        3000                     0
156.3023146876296         3000                     0
158.56535387389997        3000                     0
158.74649669425025        3000                     0
162.2202640980498         3000                     0
163.50521164821458        3000                     0
169.50889985843259        3000                     0
169.5304763497276         3000                     0
169.53576859441344        3000                     0
176.93672918308198        3000                     0
179.68140629832948        3000                     0
188.71638425012543        3000                     0
189.84218664401513        3000                     0
191.849696879202          3000                     0
200.06351788143425        3000                     0
204.36509866844872        3000                     0
498.0859854934563         3000                     0
500                       3000                     0
496.88608755692206        3000                     0
212.55579246017425        3000                     0
216.9814107960431         3000                     0
222.80861299185338        3000                     0
496.4256271426978         3000                     0
494.32778621556247        3000                     0
230.89670874101432        3000                     0
240.56793129659218        3000                     0
493.2684606694367         3000                     0
489.6491406067766         3000                     0
259.5088045552715         3000                     0
266.62708388722706        3000                     0
252.2362789660899         3000                     0
245.9984255196302         3000                     0
486.57994778880106        3000                     0
481.4821955493646         3000                     0
271.33556009956914        3000                     0
286.6799066213823         3000                     0
286.8220101305301         3000                     0
471.171087372523          3000                     0
477.56767726747665        3000                     0
464.667396849344          3000                     0
442.1967204804359         3000                     0
452.1639984508459         3000                     0
287.2591263982508         3000                     0
306.8875606036559         3000                     0
312.05128425142743        3000                     0
303.092915321822          3000                     0
326.2201880123085         3000                     0
335.99119895894495        3000                     0
432.5820985026725         3000                     0
418.7348576669674         3000                     0
392.0203760595263         3000                     0
406.4383203496551         3000                     0
369.6781498797582         3000                     0
381.3571359846891         3000                     0
358.19818580492444        3000                     0
347.36869715397233        3000                     0
412.5458175854466         3000                     0
52.28325431004403         3000                     4653461.61074399
50.10010124069705         3000                     5.057621821307283E-7
105.80520951112753        3000                     2613777.97144174
134.87960284931037        3000                     2195708.3726452757
141.24590780589867        3000                     2129127.394047334
149.49296425239953        3000                     1.9601457325216086E-14
53.797284603299595        3000                     4522490.765559058
53.81977504413595         3000                     4520597.539752054
53.784615429628204        3000                     4523541.409451485
53.51224352797633         3000                     4546565.3271531705
53.55768300423393         3000                     4542725.100282145
53.509682998155924        3000                     4546791.39624019
54.033121498012164        3000                     4502742.091887408
54.15341764746086         3000                     4492754.815082644
54.2249761586319          3000                     4486819.883157965
54.33466965169914         3000                     4477764.488298957
57.33974254429562         3000                     4277546.962655444
57.35544550947526         3000                     4276369.304079499
57.12010319754758         3000                     4293987.007970782
57.26218106906965         3000                     4283347.949387526
57.384029270793995        3000                     4274245.691285574
53.30311280696683         3000                     4564415.158583136
53.47439139114712         3000                     4549802.703331006
51.347817443681876        3000                     3.242843272384511E-6
51.48854214240363         3000                     3.724217260316207E-6
51.33710808705028         3000                     3.7031709115526835E-6
54.37794452873588         3000                     4474202.777321355
54.47026127667965         3000                     4466616.803288573
57.08173243213302         3000                     4296878.103421596
56.922193096146316        3000                     4308922.179716559
51.3187301102275          3000                     2.081900739261267E-6
51.168829922764964        3000                     3.198720899820027E-6
51.086361701835855        3000                     3.390660918552373E-6
57.5517987610318          3000                     4261782.433141955
57.70106649971887         3000                     4250759.801744308
53.11172030889679         3000                     4580862.369875812
53.276444668961034        3000                     4566706.88707964
51.620604685641354        3000                     4.554980558047962E-6
51.62416257732015         3000                     5.057621821307284E-6
53.024155284110336        3000                     4588426.577868212
54.60614343686254         3000                     4455502.114028148
54.61549639709644         3000                     4454736.4135328615
56.748331880558666        3000                     4322128.290464246
56.680004953420465        3000                     4327333.896118048
50.91156078202502         3000                     4.915124923727108E-7
51.00641493365871         3000                     2.0230487285229133E-6
60.53804718701528         3000                     4093307.431001486
60.576330247979016        3000                     4090733.2744353893
57.714099365826826        3000                     4249798.170749645
57.731894954860344        3000                     4248491.9145980645
57.85641670541449         3000                     4239345.801192146
60.47327041962531         3000                     4097706.87055068
60.281120496466485        3000                     4110756.188103666
52.79462674173427         3000                     4608384.289975884
51.62995244434886         3000                     6.778177726664305E-6
51.74913886753379         3000                     5.7220458984375E-6
52.750267058983795        3000                     4612249.284990294
54.62326909140694         3000                     4454105.087330308
54.75330993109792         3000                     4443527.567692254
56.43824557235742         3000                     4345871.140964299
56.46613797414522         3000                     4343719.531698874
63.93193349670255         3000                     3912790.737255313
64.00223918960141         3000                     3908491.504811818
64.15227624013102         3000                     3899350.4465667256
50.77515702699221         3000                     8.642673492431641E-7
50.72770815546389         3000                     5.960464477539062E-7
60.78185183295326         3000                     4076893.828275057
60.82423531979734         3000                     4074059.1037149173
63.71300706217378         3000                     3926233.444094298
63.7944591256539          3000                     3921225.207722153
57.96349834836094         3000                     4231516.957012521
57.9873891190622          3000                     4229770.128733474
60.02647345068287         3000                     4128197.063586868
60.096586689400816        3000                     4123392.094185116
59.97189556384326         3000                     4131963.8669267423
52.700512485234086        3000                     4616618.713789055
52.54263038746652         3000                     4630477.742643339
51.81105331931349         3000                     9.5367431640625E-7
51.87061407941928         3000                     5.545554776766418E-7
54.81790171573571         3000                     4438293.123786453
54.91126079125485         3000                     4430746.38870677
56.12553124364596         3000                     4370068.038510841
56.11482515296246         3000                     4370895.141351238
56.11395173347434         3000                     4370981.313379052
64.2276816992653          3000                     3894773.923544006
64.34227423160162         3000                     3887836.7702970933
50.6980974659525          3000                     2.524768606860399E-6
50.56441420301882         3000                     3.015782985847835E-6
50.50960969972803         3000                     2.770814728538861E-6
61.0385030735433          3000                     4059758.1959652216
61.069381810885695        3000                     4057702.871786412
61.104078501442736        3000                     4055402.3259050967
63.53752259066529         3000                     3937078.3030932797
63.48902841422241         3000                     3940084.4152010623
58.004618661196936        3000                     4228516.847630262
58.1142985466163          3000                     4220534.551967175
59.77785224039799         3000                     4145369.706995321
59.67235852011236         3000                     4152706.437684026
52.4152229396727          3000                     4641748.973942928
52.343786811821246        3000                     4648067.05093716
54.96686530167173         3000                     4426265.960519063
55.037897600413544        3000                     4420550.015222144
56.11268438766386         3000                     4371076.115306143
55.87984453602865         3000                     4389294.665112721
55.757004626432234        3000                     4398971.932435644
64.43862680840161         3000                     3882023.8904331415
64.53694023749198         3000                     3876107.233897561
67.58523018799121         3000                     3739114.440995484
67.74118383461136         3000                     3730500.1644227053
67.54062499126407         3000                     3741577.688683483
50.44325401079666         3000                     2.291886272321943E-6
50.33226069465753         3000                     2.6973983046972182E-6
61.26129895716967         3000                     4044989.1567537445
61.30368308343414         3000                     4042196.6330568283
61.36270903570599         3000                     4038311.2041874644
63.25820075897728         3000                     3954457.1143736276
63.25626895617427         3000                     3954581.6404007273
63.25336675123372         3000                     3954762.0072797267
58.194341443633554        3000                     4214732.497268671
58.23044166041582         3000                     4212116.585775009
59.54070909756223         3000                     4161878.5641667885
59.36121589867336         3000                     4174467.991288433
55.64061537787349         3000                     4408173.176708362
55.453256218250814        3000                     4423061.286155227
67.81941120349721         3000                     3726204.932996934
67.93387441557392         3000                     3719919.556819749
64.71789400587384         3000                     3865267.8249781122
64.72115975877504         3000                     3865075.368975916
64.76456144744634         3000                     3862489.0167008443
64.88688474458338         3000                     3855205.9775730497
67.33355703701129         3000                     3753083.7625809656
67.5182780179607          3000                     3742818.787483818
67.17369027966349         3000                     3762021.3676397167
67.0937648191694          3000                     3766495.2298833863
50.29683907354328         3000                     5.331201499700045E-7
61.44353246536706         3000                     4032995.3234520103
61.526899699494905        3000                     4027531.7965268907
63.035923509499995        3000                     3968403.632492252
62.92512201177823         3000                     3975395.0011201994
58.28900449289598         3000                     4207888.023999571
58.331754394337075        3000                     4204800.560835566
59.28012462625022         3000                     4180173.7107839286
59.062539756121005        3000                     4195571.805335108
71.78459977439672         3000                     3557690.3524905466
71.9337308562516          3000                     3550318.8347883625
68.05484779800163         3000                     3713313.1026153984
68.12139059875176         3000                     3709681.357052222
68.25112764869209         3000                     3702633.77903724
68.31534363211577         3000                     3699151.701169872
68.4540767264761          3000                     3691652.476257334
68.52243673122676         3000                     3687973.029416897
68.56006161312956         3000                     3685947.3075539437
71.66433781212153         3000                     3563664.0663512493
71.56932282446574         3000                     3568392.607104632
64.72308569185384         3000                     3864959.204657116
64.89515303873601         3000                     3854715.167276455
64.99937396786943         3000                     3848533.72580126
66.83158932153181         3000                     3781273.065618159
66.84943118163207         3000                     3780261.5588655053
61.5971199157308          3000                     4022942.759064907
61.64561252332591         3000                     4019775.104686084
62.74060157447727         3000                     3987087.7442655223
62.6603537815134          3000                     3992189.928969369
58.80237930331364         3000                     4214132.751423568
58.96881646734706         3000                     4202250.221748007
71.998683901915           3000                     3547112.0823857966
72.0811850427793          3000                     3543056.634615529
72.1694875938888          3000                     3538718.437873261
68.29706292288455         3000                     3700137.9178839824
68.64240042411812         3000                     3681528.5428252146
68.6958892572373          3000                     3678658.0301489974
71.37752214100223         3000                     3577982.2288465546
71.28799329296885         3000                     3582474.3744591884
65.08729687713536         3000                     3843335.148093181
65.10130957932749         3000                     3842506.837035772
66.81075337602263         3000                     3782453.7129285107
66.60595121807654         3000                     3794082.777956998
61.70495957923752         3000                     4015912.2251281985
61.77067932924724         3000                     4011635.8643080373
62.443275528386216        3000                     4006070.5134943887
62.42267680556292         3000                     4007390.3612454375
72.27730177572462         3000                     3533441.5141054215
72.33034762434694         3000                     3530849.2692164015
72.42936271156134         3000                     3526022.8859211667
75.23982375099237         3000                     3428841.1240134602
75.43204297457491         3000                     3420110.2907443387
68.7179548677562          3000                     3677477.750916289
68.8519647696304          3000                     3670318.7717869496
71.0469477490755          3000                     3594629.386085628
70.95493610023655         3000                     3599286.319987554
70.84415873886718         3000                     3604925.782560655
65.22022976038795         3000                     3835502.4770861403
65.25125815509026         3000                     3833675.9868020667
66.52094111648913         3000                     3798936.7678016466
66.38534222465145         3000                     3806693.133478099
62.21593583125484         3000                     4020706.5460407306
62.41621451446175         3000                     4007805.3966487213
75.53438943249586         3000                     3415471.4332463057
75.73010139776683         3000                     3406646.2267474215
75.76190480678709         3000                     3405217.034505232
75.93363451074624         3000                     3397514.4346614257
76.07860315660807         3000                     3391044.0888630017
76.14643667548285         3000                     3388021.063311647
72.4585150300012          3000                     3524604.604979236
72.55229041174647         3000                     3520048.8079672926
75.07145032375435         3000                     3436540.3914409876
74.98983793612447         3000                     3440274.4692439605
68.98405012350467         3000                     3663292.919448628
68.99364998382767         3000                     3662782.5265674256
70.6058144944333          3000                     3617078.09524501
70.46498233348542         3000                     3624320.618330907
65.28801592404122         3000                     3831520.5962758134
65.39055695789749         3000                     3825509.3863885337
66.13806357742888         3000                     3820919.999475319
66.18819920979539         3000                     3818035.8522207956
79.62690982221564         3000                     3273864.1796479253
79.72930519045426         3000                     3269655.787809876
80.00290119882597         3000                     3258472.7187728924
76.31664415738544         3000                     3380464.182514762
76.34819564155616         3000                     3379069.300356398
79.39600796439595         3000                     3283382.540786763
79.39176416542281         3000                     3283556.428691554
72.60320120076565         3000                     3517579.963977611
72.71486374015096         3000                     3512178.9693982457
72.74196038887355         3000                     3510869.7023741174
74.71418578658482         3000                     3452967.5618516887
74.92269545000005         3000                     3443361.0177905173
74.5892999593923          3000                     3458753.551396374
69.00412147823539         3000                     3662227.1844458566
69.11196796775954         3000                     3656511.8843398253
70.1615189850104          3000                     3639990.666990088
70.30488003485432         3000                     3632571.768727538
66.0608144424629          3000                     3825400.426289939
65.89565405500548         3000                     3834978.0007983185
80.01143581246357         3000                     3258128.044129059
80.01793934121866         3000                     3257863.6418211507
80.24433758694558         3000                     3248672.8258697186
80.400146429876           3000                     3242378.6052886695
83.93551279508932         3000                     3141236.330240837
84.06096430419888         3000                     3136552.284198616
76.49962624656854         3000                     3372378.394069426
76.58446230667663         3000                     3368645.608452373
79.12057831688031         3000                     3294810.678564482
79.11597635919179         3000                     3294999.687197671
79.1041390821309          3000                     3295495.7946053883
72.75593758431947         3000                     3510195.0174089717
72.87155113196738         3000                     3504626.8031867556
72.9036986648004          3000                     3503081.0040960987
74.52121241475913         3000                     3461909.44575032
74.29661049313108         3000                     3472375.4495100444
74.35037354509791         3000                     3469867.5789769236
69.16144279276689         3000                     3653898.331662382
69.20258241620022         3000                     3651724.9530508
69.90732896932633         3000                     3653223.0179481483
69.97386807240947         3000                     3649758.52441294
84.17444196557193         3000                     3132318.3507595854
84.21656297793267         3000                     3130754.941596489
84.37999426172931         3000                     3124687.5456492463
84.54188775938718         3000                     3118708.764248272
84.61489811236336         3000                     3116011.915333136
80.42581781868347         3000                     3241341.3862263565
80.4650365600105          3000                     3239765.2316055503
80.61412873634463         3000                     3233770.37610971
80.72871744358528         3000                     3229183.939477596
83.91268535546921         3000                     3142084.3115733657
83.60500355905022         3000                     3153655.4294718797
76.62788428544012         3000                     3366734.868399741
76.77532129282231         3000                     3360269.165898429
78.8320170464349          3000                     3306871.0837984323
78.6344182253701          3000                     3315184.4704826074
78.72720992099966         3000                     3311282.0971497186
72.98553443653644         3000                     3499153.168125722
72.9994595734139          3000                     3498485.22560296
74.27783885542664         3000                     3473254.1388464295
74.06540072245754         3000                     3483212.447251339
69.81031271345917         3000                     3658312.3632064345
69.663788312535           3000                     3665997.1691992325
84.64917775684958         3000                     3114753.4740652447
84.9008994482982          3000                     3105514.70595588
88.25739529330588         3000                     3021777.6859759865
88.32326299516801         3000                     3019527.669109825
80.80095341593247         3000                     3226294.0948340623
80.86258558999683         3000                     3223836.7688378193
80.98008654794126         3000                     3219157.6444981303
83.5396164090881          3000                     3156118.0788056045
83.43788916309656         3000                     3159975.1344326776
83.25440715470569         3000                     3166931.947975772
76.80039463419554         3000                     3359172.9105345868
76.88107437795495         3000                     3355649.694259511
76.93713196443362         3000                     3353201.9959537582
76.95577977204798         3000                     3352391.147096573
78.41313746041975         3000                     3324538.248836064
78.46164608760422         3000                     3322487.9222570267
73.09918994096637         3000                     3493712.419285165
73.12895640880865         3000                     3492289.3114223666
73.85495519034687         3000                     3493140.875054921
73.83156540906643         3000                     3494248.6932137986
73.82582680530598         3000                     3494514.76442022
88.745388043095           3000                     3005161.565824408
88.91803554796363         3000                     2999331.348574636
88.63760528780293         3000                     3008819.66221271
84.93361927692271         3000                     3104321.943358668
85.11615890772335         3000                     3097662.6688036686
84.91188462963065         3000                     3105116.143932676
88.4904825161417          3000                     3013817.7020794544
85.23688497009678         3000                     3093277.982177318
88.02358101890397         3000                     3029804.5800681803
87.97025691076423         3000                     3031642.1577719385
81.06852813940421         3000                     3215646.0254988307
81.1781188403877          3000                     3211305.5791890468
83.0132742202082          3000                     3176131.4721365157
83.01244560783826         3000                     3176162.916399948
77.03295447661515         3000                     3349031.953928906
77.10232821252642         3000                     3346018.968428686
77.12747050375181         3000                     3344928.36729669
78.39300967945985         3000                     3325395.2344887718
78.12373938928384         3000                     3336857.5727613606
73.81664983745283         3000                     3494951.5866619493
73.60054202638048         3000                     3505213.643734188
89.04857924491276         3000                     2994929.6914270064
89.26778779021097         3000                     2987577.9789015874
89.00105375734579         3000                     2996530.127708716
89.53280782729966         3000                     2978733.7817849293
89.67554867589354         3000                     2973991.7830087226
93.3207578019973          3000                     2892269.752695483
93.45375565632362         3000                     2888158.903904668
85.26499103974699         3000                     3092256.8028632537
85.28496564182154         3000                     3091533.637463701
85.41055110612886         3000                     3086987.1389506115
87.62034727601345         3000                     3043742.302435513
87.61537300643528         3000                     3043919.2664593537
81.24289340917261         3000                     3208744.798749949
81.34438899536082         3000                     3204741.4533930235
82.74605556655968         3000                     3186387.130892339
83.01134619587052         3000                     3176204.4732894464
77.20590669800848         3000                     3341529.6960406485
77.24176951815785         3000                     3339978.3885414815
78.08536700097608         3000                     3338495.020796394
77.88712391580344         3000                     3346994.2914871722
77.93823407595985         3000                     3344801.947616752
93.69596098678724         3000                     2880691.444002817
93.82924575068715         3000                     2876597.2665305515
93.60030418325032         3000                     2883630.934117212
93.96750989522019         3000                     2872367.1983293984
94.04870504402768         3000                     2869882.2130285534
89.34212001216422         3000                     2985090.597182948
89.51272453858526         3000                     2979401.356324534
89.80352678939866         3000                     2969755.316597554
89.85348834099612         3000                     2968102.496976416
93.17385023096425         3000                     2896834.8659373606
93.07899213757197         3000                     2899781.2008044017
85.5212489540067          3000                     3082993.2563047623
85.5748184536449          3000                     3081061.091292966
87.61058738052088         3000                     3044085.7613679837
87.28966342189008         3000                     3055280.1765732914
81.3710356515479          3000                     3203691.8408249146
81.46219482774197         3000                     3200107.0429847073
81.47132933527362         3000                     3199748.236677726
82.5008864030423          3000                     3195859.5128806336
82.56886851845967         3000                     3193231.2177761258
82.43838078583815         3000                     3198285.950034012
77.87821838821492         3000                     3347376.549388241
77.71738963202122         3000                     3354301.2731607873
98.39001587451355         3000                     2776474.001646163
98.52001346024255         3000                     2772809.5104574505
98.22344019940505         3000                     2781182.283287933
94.2313386774646          3000                     2864325.954432198
94.3172477087395          3000                     2861714.619982901
98.77953856225528         3000                     2765523.820575491
98.79984547183304         3000                     2764953.859885032
99.00817984462513         3000                     2759139.0749852336
99.02540004897246         3000                     2758658.3443880016
89.95348590411496         3000                     2964805.204894263
90.02368060135731         3000                     2962490.983723084
92.82269043612163         3000                     2907791.6439664694
92.76468966280216         3000                     2909603.4901852496
85.63535315911622         3000                     3078885.504771586
85.73836768097041         3000                     3075183.710814358
85.80860134795417         3000                     3072668.508225205
87.273275738267           3000                     3055854.2404741785
87.04685159095487         3000                     3063800.8849601927
81.47488792372624         3000                     3199608.600651755
81.55568662030048         3000                     3196437.8296965677
82.19204963179118         3000                     3207869.835890526
82.3023870739514          3000                     3203569.0657293256
94.34835732201113         3000                     2860769.884870302
94.38739517178956         3000                     2859586.711940896
97.85445791687532         3000                     2791668.049347932
98.11824953881508         3000                     2784161.5703014075
94.61889848645968         3000                     2852588.6836898704
97.52876517073543         3000                     2800989.733610606
97.743279738139           3000                     2794846.330072474
109.2391279593082         3000                     2563731.7095457097
109.26315866900502        3000                     2563170.5109255575
109.20000450476194        3000                     2564652.475417981
104.08312384656357        3000                     2657024.251996908
104.13956686179709        3000                     2655582.078313992
103.93597809245009        3000                     2660783.757348125
98.81619900179865         3000                     2764498.341086185
99.147194554067           3000                     2755270.4709293735
99.17877370599567         3000                     2754393.7825777833
99.33277427967674         3000                     2750122.2174159754
103.66262421363669        3000                     2667798.9443440423
103.79139351683202        3000                     2664493.5824033055
103.5384382628453         3000                     2671002.989724786
99.50004680104941         3000                     2745499.3139459733
99.50118221219178         3000                     2745467.942713892
90.05977434371903         3000                     2961305.085558514
90.18912284639825         3000                     2957056.485891784
92.43455402792327         3000                     2920002.17600982
92.34661824741309         3000                     2922779.4930100227
92.19739741378868         3000                     2927515.325506257
85.85780658893503         3000                     3070907.1155296587
85.91801827910957         3000                     3068755.0105574196
87.024259518496           3000                     3064599.0477766674
86.85052970270081         3000                     3070727.2939938963
82.06231663761059         3000                     3212941.8313078843
81.95535700368427         3000                     3217134.4299733993
94.62036951297397         3000                     2852546.2678241124
94.62313154514469         3000                     2852463.092931226
97.8076131606677          3000                     2793004.0746642165
94.78498704338149         3000                     2847593.0886167083
94.86618851541078         3000                     2845154.8328626277
97.34339496229055         3000                     2806327.408996438
97.28359464012723         3000                     2808051.2666332065
97.06089910801839         3000                     2814494.2054308015
109.47271285744085        3000                     2558266.3747669137
109.57831481818069        3000                     2555798.627639736
108.73117528503055        3000                     2575711.569057895
108.92709597172401        3000                     2571077.248498961
108.66745408714405        3000                     2577219.7352214474
104.34887637424157        3000                     2650256.487713534
104.36028907362238        3000                     2649966.4098551264
103.3455752367436         3000                     2675982.53608309
103.06502099360627        3000                     2683268.9774512905
99.50432326475973         3000                     2745380.584644577
99.68420517577398         3000                     2740426.9770006626
90.3009415771775          3000                     2953396.219160225
90.34063777703714         3000                     2952097.3641336453
92.09826949378001         3000                     2930662.674486468
91.931107746377           3000                     2935992.1449543578
86.01352435057231         3000                     3065347.363346082
86.02157793933027         3000                     3065059.9212233713
86.65359472292397         3000                     3077706.2901430777
86.69855533908658         3000                     3076112.864544464
120.77115567775841        3000                     2382975.7258418193
120.7902819363868         3000                     2382598.3673952557
120.60638778433685        3000                     2386230.368682276
120.48893871699494        3000                     2388557.815896575
120.37375708770568        3000                     2390841.9714775705
95.03739907846726         3000                     2840030.320380656
95.05541001959371         3000                     2839491.2663704073
94.9981115747151          3000                     2841205.214442791
97.05628130346048         3000                     2814628.271073452
96.84709916541352         3000                     2820706.1957637863
114.4926197752054         3000                     2479138.0186086986
114.53867787358718        3000                     2478140.1839901228
114.21787800104325        3000                     2485100.1134696933
109.59570822389682        3000                     2555392.135448395
109.82705900646977        3000                     2550010.4145624386
110.17526913973947        3000                     2541951.0059465584
110.18474654393572        3000                     2541731.7026333176
109.92848258781669        3000                     2547657.9378713756
110.01869184729564        3000                     2545568.63762006
108.3300356811027         3000                     2585249.947205523
108.41073841563514        3000                     2583323.128748968
108.55409119172188        3000                     2579915.2736566653
107.97757535541727        3000                     2593685.3910575467
108.07314093073416        3000                     2591394.629981294
104.6382312959916         3000                     2642927.8092238484
104.66296244376528        3000                     2642302.857881326
99.72445704737936         3000                     2739321.7617974533
102.67619501823377        3000                     2693430.956062404
102.83985026206153        3000                     2689148.5776753407
102.56220456478427        3000                     2696426.3233907777
102.64409480861714        3000                     2694273.2404751475
103.01837743377504        3000                     2684482.3678700174
99.82200481304264         3000                     2736646.103874016
99.89931521217905         3000                     2734525.791158492
90.43241644975124         3000                     2949102.9757096604
90.48011411011457         3000                     2947547.456699767
90.49587128442015         3000                     2947034.392608408
91.88148771906563         3000                     2937579.295940676
91.72676987303814         3000                     2942530.7973255133
86.61224024095284         3000                     3079178.1163875978
86.46119431821012         3000                     3084555.416490421
120.95657802885447        3000                     2379321.924503878
121.08078544209779        3000                     2376882.435187542
121.36353872860637        3000                     2371344.5883778115
121.41266377492423        3000                     2370383.716616852
120.11510855086144        3000                     2395990.696383614
120.06013590321909        3000                     2397084.9858802604
120.03886364942244        3000                     2397512.208146237
95.08742263518559         3000                     2838536.781037738
95.20204065511564         3000                     2835118.3060849914
96.67542678468686         3000                     2825718.4147591526
96.60287594371486         3000                     2827836.8643222596
114.57172193856961        3000                     2477424.972634649
114.89969993275912        3000                     2470352.6192323607
114.93697846547845        3000                     2469554.711667962
115.16652396462206        3000                     2464630.939878246
115.25393921144716        3000                     2462763.555924768
115.43151576424482        3000                     2458973.3447371833
115.57180975270994        3000                     2455989.546577094
115.66838663945985        3000                     2453939.0533286724
113.925797336099          3000                     2491472.5341161243
114.09364338859271        3000                     2487810.0969895963
113.82297709240476        3000                     2493724.673519541
113.53389071938388        3000                     2500073.8831104287
113.50245722407496        3000                     2500765.3547156686
110.1952652119346         3000                     2541489.493210638
110.39055353723626        3000                     2536993.621352562
107.62795211233981        3000                     2602110.808657626
107.69859257087333        3000                     2600406.9877323937
107.50605892181653        3000                     2605065.918635838
104.91145770500813        3000                     2636044.6620197343
104.91233216562425        3000                     2636022.6880701305
104.91583486851367        3000                     2635933.277902956
101.97513042593157        3000                     2711950.0367953884
102.09676665817233        3000                     2708715.8278412544
102.19929713735436        3000                     2706001.4909984223
102.33691065082425        3000                     2702357.431320469
99.9551497979723          3000                     2733000.305588772
100.0579420756358         3000                     2730191.099326729
100.12063841179088        3000                     2728482.608307299
101.89196341326964        3000                     2714160.5717462325
101.84503335433408        3000                     2715413.390910126
101.69931833636993        3000                     2719303.136957462
90.62684254964006         3000                     2942775.507984609
90.65082347413123         3000                     2941996.7967992863
90.67090902090155         3000                     2941345.3244631942
91.58093587938423         3000                     2947221.049120789
91.47467269766085         3000                     2950640.93994514
91.31405358163545         3000                     2955834.2664373927
125.62703342235476        3000                     2323111.579784661
125.73991809508728        3000                     2321023.54916284
125.88898019178824        3000                     2318278.2640748355
126.02572616517435        3000                     2315760.7418105467
126.10978517610533        3000                     2314218.489628543
125.48478893083598        3000                     2325743.3026619097
125.32194019797677        3000                     2328765.9410963207
121.44539639386468        3000                     2369746.219442305
121.57550824897923        3000                     2367209.451865172
121.19656199456365        3000                     2374610.3724171864
119.86205038566375        3000                     2401051.798917106
119.67556068203612        3000                     2404787.5646638735
95.30433242006501         3000                     2832076.074469981
95.32990065406976         3000                     2831315.519838995
96.38560876663753         3000                     2834212.337632262
96.47695536476655         3000                     2831532.1569899125
96.34550997986005         3000                     2835394.2696346566
115.77806760097012        3000                     2451613.7421785435
115.91784397877423        3000                     2448658.109502
113.43393675201963        3000                     2502277.477766793
113.20582267590999        3000                     2507316.761051585
110.49497517049224        3000                     2534596.7435290227
110.60250437170508        3000                     2532132.110767345
107.34370803326311        3000                     2609002.4582663635
107.21667313037179        3000                     2612096.483858953
107.1169085928903         3000                     2614526.526326378
105.17946667652497        3000                     2629328.5178466276
105.2756206075662         3000                     2626926.5056551336
105.35963917717292        3000                     2624831.885809527
105.12901649781358        3000                     2630588.4106456884
100.19793020985945        3000                     2726377.36265746
100.26780415465733        3000                     2724477.595846658
101.61756163184714        3000                     2721490.6739825327
101.4419989014319         3000                     2726200.411637675
91.26989331562724         3000                     2957262.586105623
91.09686274415994         3000                     2962879.5390304197
91.25203319772439         3000                     2957842.269940728
126.27603570950276        3000                     2311171.1576565765
126.41292967697242        3000                     2308667.5260152165
126.65672699445469        3000                     2304223.7581761554
126.725812454034          3000                     2302968.987573543
126.61699815533142        3000                     2304947.6389876083
125.17605928573484        3000                     2331481.6060412894
125.02222050144049        3000                     2334347.248779889
121.73289025594477        3000                     2364149.0416916455
121.73406945781092        3000                     2364125.9812692185
121.73460692557245        3000                     2364116.143137944
119.64340462850281        3000                     2405435.7790564974
119.34578281891623        3000                     2411433.5368296932
119.12436724542718        3000                     2415918.9505113857
119.04107634876652        3000                     2417605.8627644633
119.00631996405234        3000                     2418314.4037617655
118.84539983350177        3000                     2421590.9380786736
118.70069611465597        3000                     2424538.395585404
95.39867971407789         3000                     2829275.766302343
95.46663944528055         3000                     2827260.186773612
95.47162467140771         3000                     2827112.077209191
96.1995147716031          3000                     2839696.955352561
96.11723682981867         3000                     2842127.7684681155
116.07806235889396        3000                     2445278.130307838
116.16379046078536        3000                     2443474.2854930246
115.98676360735664        3000                     2447203.617130766
115.94193489824413        3000                     2448149.0170823773
116.22678946724227        3000                     2442149.376983719
116.34163045311085        3000                     2439738.5713648843
112.73870131498961        3000                     2517707.4939911435
112.835670335043          3000                     2515545.133210578
112.93027288258034        3000                     2513436.1779462844
113.11613308728734        3000                     2509306.950104087
112.59701809433807        3000                     2520876.5809408524
110.71956840588695        3000                     2529455.667082307
110.77439894616646        3000                     2528202.6938366536
110.82553949631495        3000                     2527037.16801513
106.84827938293586        3000                     2621100.2058708956
106.91273403567833        3000                     2619521.5742570446
106.75470266140672        3000                     2623400.3176874085
105.36750030773557        3000                     2624635.779660195
105.46792890672249        3000                     2622136.5526729594
105.534349065139          3000                     2620486.6835992797
105.59974778972256        3000                     2618863.3524887385
100.39976185243428        3000                     2720896.314929866
100.41378851652243        3000                     2720516.5106427283
101.44168673295957        3000                     2726209.054455751
101.44078934179038        3000                     2726233.427498815
101.28531000181073        3000                     2730418.9614127926
126.86382164685453        3000                     2300462.7711343034
127.00691298833145        3000                     2297871.182392308
127.06078653090941        3000                     2296897.3996128393
127.20643678067708        3000                     2294266.222191297
127.38680005229008        3000                     2291019.067994317
131.857663320531          3000                     2246028.731526602
132.03694021210816        3000                     2242980.9948845804
131.7061372244689         3000                     2248614.113108246
132.14697775883985        3000                     2241110.6560662463
132.25976273438366        3000                     2239202.0612881384
132.4406258519554         3000                     2236141.798575227
124.94371263739988        3000                     2335813.372420078
124.74613048959465        3000                     2339517.7134601763
124.5968397233254         3000                     2342318.0671225674
124.50991031388138        3000                     2343954.9334086385
121.73733630371245        3000                     2364062.633536109
121.89897275891808        3000                     2360927.9973321003
121.94260797672543        3000                     2360083.987989035
118.42060113941913        3000                     2430274.220401502
118.66774918758074        3000                     2425213.0740930694
118.32115707022835        3000                     2432318.8963616323
118.16213581666398        3000                     2435590.8815117017
118.04088476342338        3000                     2438093.53206274
95.97963629142922         3000                     2846202.439427288
95.96556606050298         3000                     2846618.75960892
116.20230299813461        3000                     2442663.733595254
116.4543075352827         3000                     2437378.2675595987
116.49229193526602        3000                     2436583.3665715256
112.56549186727239        3000                     2521581.547701612
112.35430977046676        3000                     2526322.077777795
112.51300742026567        3000                     2522759.2021833444
112.31236592577055        3000                     2527265.1164792003
110.91947024063256        3000                     2524896.6296446756
110.95918239335666        3000                     2523993.318958595
111.01078493433472        3000                     2522819.770540638
106.64482273456767        3000                     2626101.691701158
106.54747616908331        3000                     2628502.1195932897
106.50063337228512        3000                     2629657.246181
105.67528474096355        3000                     2616991.7717486075
105.69787060509512        3000                     2616432.234832176
100.43787906056039        3000                     2719864.475858463
100.53733770223731        3000                     2717173.055082439
100.5667379712495         3000                     2716379.468407107
101.23527436373482        3000                     2731768.949788241
101.12971618532472        3000                     2734619.72330854
127.65113017130669        3000                     2286274.7838781145
127.72598032475082        3000                     2284935.40386521
127.50703325063262        3000                     2288859.3068101504
127.44222064658756        3000                     2290021.6119083543
127.83380126126947        3000                     2283007.977714425
127.90069019728072        3000                     2281814.3198354617
131.40581483461753        3000                     2253751.9642462838
131.61375134545162        3000                     2250191.4133517216
131.2659842557662         3000                     2256152.969646511
131.06150890898715        3000                     2259672.9793788693
130.722564022874          3000                     2265531.802987941
130.771713156327          3000                     2264681.0611414495
130.69994732868267        3000                     2265924.334294755
132.61472501582557        3000                     2233208.3333191774
132.705151360393          3000                     2231684.744022208
138.4891179804435         3000                     2171509.7345870445
138.55853720902533        3000                     2170420.493830817
124.0916389613703         3000                     2351854.378691582
124.19575030225589        3000                     2349884.580545275
124.02244348104429        3000                     2353167.4401991824
124.36201530334989        3000                     2346740.110026754
122.02722734308465        3000                     2358446.9382363823
122.11495116629663        3000                     2356752.998402264
117.95394079054222        3000                     2439891.016721016
117.85217209595376        3000                     2441997.2834867695
116.54593769477444        3000                     2435462.4343338558
116.61079058644958        3000                     2434107.3259617686
112.24078062037094        3000                     2528878.1904324424
112.05529986446335        3000                     2533061.452285674
111.04727782186825        3000                     2521991.031499623
111.09187203543772        3000                     2520978.171716558
106.3546157142776         3000                     2633267.963345211
106.36355861055752        3000                     2633046.5047017536
105.78196000239582        3000                     2614352.5761408233
105.79552600389752        3000                     2614017.0901530804
100.99350131998887        3000                     2738307.5704228706
101.01002758653148        3000                     2737860.7157889092
138.82119026603377        3000                     2166313.773282523
138.82752898627524        3000                     2166215.7180222175
138.85182197464775        3000                     2165836.223357188
127.97755665455662        3000                     2280443.436267252
128.09237781919757        3000                     2278399.4537647655
130.97994397421976        3000                     2261079.4749593735
130.48020383682828        3000                     2269739.667503394
130.30923597436046        3000                     2272718.942541993
132.8004825836922         3000                     2230084.857815802
132.9734953966971         3000                     2227180.9353063386
133.1825913708068         3000                     2223686.0984469526
133.32649890403908        3000                     2221286.0213781535
133.47256717985695        3000                     2218854.188434682
133.6201348947847         3000                     2216404.4582144725
133.6859973106216         3000                     2215312.115908044
133.8248669771209         3000                     2213013.3994326238
137.99131096982327        3000                     2179342.0233755955
138.08212213852846        3000                     2177910.4560227017
138.28543414272633        3000                     2174706.27206381
137.64136598819118        3000                     2184883.583106398
137.67930211187686        3000                     2184281.6751751085
137.33884015747643        3000                     2189696.6485797768
123.81609673469207        3000                     2357089.2065748335
123.74918972963424        3000                     2358361.966214125
122.16038354640561        3000                     2355876.103157858
122.29635655806976        3000                     2353256.798827727
117.6742681174437         3000                     2445689.1966244844
117.6600067916622         3000                     2445985.5589528657
116.69388125408824        3000                     2432374.5989267407
116.71578367908714        3000                     2431917.8042522795
111.8610216825096         3000                     2537461.8818041547
111.88174488920801        3000                     2536992.629681085
111.16185666648293        3000                     2519391.4865137883
111.1967092623527         3000                     2518601.2811029833
106.35301797509763        3000                     2633306.8127806014
106.18875114067063        3000                     2637380.4397021797
139.09925409521327        3000                     2161983.2438179934
139.17166630561832        3000                     2160859.2112682606
139.3730495385045         3000                     2157736.537930491
128.13256489141872        3000                     2277684.7650847565
128.25071779704666        3000                     2275586.518424844
130.243443786726          3000                     2273865.8000820563
130.1494270524617         3000                     2275509.9348400845
130.02759420093824        3000                     2277640.5424609752
129.93061359087395        3000                     2279342.129218631
129.8167395149866         3000                     2281339.957690649
133.26000698996052        3000                     2222393.212632412
133.87414842194937        3000                     2212199.0987477927
133.9730958685565         3000                     2210564.5590846357
136.92314210802556        3000                     2196344.368391837
137.20178808360194        3000                     2191884.2441775124
137.26836598889847        3000                     2190818.711621871
136.89485647772517        3000                     2196798.5467469697
137.27512604967478        3000                     2190710.4328808016
123.65323669561305        3000                     2360194.388914562
123.50611245747844        3000                     2363004.057126653
122.3372722667071         3000                     2352470.3526162184
122.43539995257635        3000                     2350584.4622887247
122.47059520918738        3000                     2349909.4270691476
122.30576569664532        3000                     2353076.040565189
117.64233056367105        3000                     2446353.42074738
117.47513605101403        3000                     2449834.73641273
116.73648395606376        3000                     2431486.939427391
116.80469207015825        3000                     2430066.8826073343
111.84443419589043        3000                     2537838.5277526504
111.65799019075985        3000                     2542075.865654054
144.784857586744          3000                     2110470.0906074815
144.884097238497          3000                     2109023.454502209
144.61697107478273        3000                     2112917.4828451923
144.30735352753194        3000                     2117453.0368177
139.53231916002568        3000                     2155274.117778893
139.70897688117373        3000                     2152548.8005522764
139.9385768062695         3000                     2149017.593153696
139.96191007751156        3000                     2148659.17303541
128.26137572181946        3000                     2275397.272867459
128.27794769109755        3000                     2275103.701759658
128.37869375678386        3000                     2273318.237735501
129.70680686490465        3000                     2283275.1116535724
129.60484585330755        3000                     2285070.1440697312
129.54060063528718        3000                     2286204.235900196
134.13879178945857        3000                     2207834.1141720642
134.15208954269195        3000                     2207615.075657196
136.6272253026318         3000                     2201101.7306198506
136.57673304390843        3000                     2201915.4000538993
123.33857401303949        3000                     2366215.17663391
123.29050930897928        3000                     2367136.2754494054
122.54569574196383        3000                     2348469.1747879176
122.63108787381299        3000                     2346834.4435700295
117.33039560888099        3000                     2452857.9260335052
117.28765097274241        3000                     2453751.1479147053
145.07741110650943        3000                     2106213.8501257435
145.1731927802763         3000                     2104824.097291441
145.38743436543345        3000                     2101722.0189058473
145.45062675901957        3000                     2100809.756794677
144.22619437167782        3000                     2118642.3563892576
144.12983778370037        3000                     2120061.025564726
143.82049448314532        3000                     2124618.7483380176
143.53799595732718        3000                     2128801.814460986
143.51608336764943        3000                     2129125.998018401
143.4987544735974         3000                     2129383.76376297
139.81526539579707        3000                     2150912.1290326403
140.09080766545202        3000                     2146681.852110575
140.23131416553804        3000                     2144531.3907275107
128.4242673499237         3000                     2272511.695549439
128.49311661099125        3000                     2271293.7288797013
129.3855066889297         3000                     2288944.1143528414
129.32233598312675        3000                     2290062.893184588
134.16385078717718        3000                     2207421.8258209988
134.3127567118124         3000                     2204974.46794762
134.4077641673819         3000                     2203416.552320849
134.47171827519753        3000                     2202368.114157691
136.2752095841979         3000                     2206787.004416675
136.27189213279902        3000                     2206840.664233631
134.51805354673976        3000                     2201609.898677863
123.23757461094762        3000                     2368154.589960487
123.0806020717479         3000                     2371174.6840342316
123.03487658073047        3000                     2372055.133225361
122.63918228097374        3000                     2346678.1046965877
145.57551504455887        3000                     2099006.9159192163
145.7460381816383         3000                     2096551.6031812064
145.90879644611186        3000                     2094213.2602336465
146.08464349181588        3000                     2091690.9157784935
146.18571575177387        3000                     2090246.0237758623
146.26849239833768        3000                     2089062.8017915452
146.3697653200437         3000                     2087617.5741051917
143.22532122018924        3000                     2133449.0713422652
143.1378198310133         3000                     2134754.1829985403
140.25839048593954        3000                     2144117.2667283607
140.38537892361893        3000                     2142177.7820154233
140.43391332382987        3000                     2141437.9165741396
140.5312634656431         3000                     2139954.0083996756
140.57812821104324        3000                     2139240.848492176
128.60849181368087        3000                     2269256.2916327547
128.61446396295216        3000                     2269150.8557911357
129.23869612909093        3000                     2291544.395674375
129.15870107195585        3000                     2292964.238228602
129.1035262561526         3000                     2293943.6915445332
134.6146173077307         3000                     2200030.3558461634
136.2664144139858         3000                     2206928.9654362164
136.03527949526503        3000                     2210679.0761274328
134.6916373415408         3000                     2198772.4714660114
135.9158502245626         3000                     2212622.479298021
146.45622833285557        3000                     2086384.935381252
146.6192605104792         3000                     2084065.2486080306
145.81670013464242        3000                     2095534.7592092054
146.74128472188224        3000                     2082332.3424159724
146.8611110471048         3000                     2080633.2194205374
142.86630497675975        3000                     2138810.2622837187
142.86249811539344        3000                     2138867.329455525
140.75542224886146        3000                     2136545.888083293
140.76378841602298        3000                     2136419.4013563297
140.76620776460376        3000                     2136382.134729128
129.0527837996752         3000                     2294846.187252018
128.9820690453428         3000                     2296103.7815453475
134.72167808398441        3000                     2198282.089088004
134.74497578294682        3000                     2197902.1966754245
135.80388671541147        3000                     2214446.559996256
134.803135091958          3000                     2196953.8250165624
135.6942903367249         3000                     2216235.046151193
146.68090841291541        3000                     2083189.0877920652
146.93566370821895        3000                     2079577.6164424885
147.11865837921547        3000                     2076990.7955745892
142.6270489229888         3000                     2142398.8364324444
142.8545626984541         3000                     2138986.7174933143
142.5018787879744         3000                     2144281.73067126
142.22013074248474        3000                     2148529.1409154823
142.28729049603078        3000                     2147515.9824011615
140.9399710406958         3000                     2133748.912629684
140.97821188805713        3000                     2133169.9127736297
140.7772751449099         3000                     2136214.5364410924
134.8521995183707         3000                     2196154.537819715
135.55633844280965        3000                     2218490.6502899094
135.47868223789925        3000                     2219762.3373419107
147.1236064863582         3000                     2076920.9670585974
147.12734436017556        3000                     2076868.0861650084
147.31809290415214        3000                     2074179.2486772584
142.168310715124          3000                     2149313.0305682635
142.4024490679307         3000                     2145778.397593166
142.0468806854915         3000                     2151150.1251258138
141.0637457707097         3000                     2131877.02692134
141.11888191375874        3000                     2131043.978091152
135.33685360082382        3000                     2222088.852868935
135.2588287469101         3000                     2223370.5045108655
147.34938528620194        3000                     2073738.8176260558
147.44892892009588        3000                     2072339.6504346684
147.51904459943654        3000                     2071353.9613935342
147.54201869104966        3000                     2071031.928586844
141.92448215669128        3000                     2153006.1285102163
141.8490841238557         3000                     2154149.4262298476
141.23482551796673        3000                     2129294.48883724
141.20633339339827        3000                     2129724.271798923
141.12876396859778        3000                     2130894.460243046
147.69723012088292        3000                     2068855.3703239737
147.70729851806004        3000                     2068714.6564757822
141.74415183530883        3000                     2155745.4555233996
141.6565814438574         3000                     2157077.3828525404
148.47588871584884        3000                     4.420506974167339E-14
148.60735216057958        3000                     3.7664470787762335E-14
148.4744118894506         3000                     4.5913079690929117E-14
148.3438773046959         3000                     5.4701746892698733E-14
148.4732254795195         3000                     4.6229583791269924E-14
147.77616187893307        3000                     2067751.031990745
147.83697483841075        3000                     2066900.2252161342
148.74762549266967        3000                     3.274400335842244E-14
148.82194559734228        3000                     3.026559669408363E-14
148.87149995926427        3000                     2.9226988495553906E-14
148.2579884620905         3000                     6.821493758217813E-14
148.20348470150506        3000                     7.773881836022127E-14
149.15525942527847        3000                     2.453831424844801E-14
149.30144895078035        3000                     2.3411772768294772E-14
