% Model:              NoFoilsFinal.mph
% Version:            COMSOL 4.3.2.164
% Date:               Mar 19 2014, 20:01
% Dimension:          2
% Nodes:              291
% Expressions:        4
% Description:        Electric field, r component, Electric field, z component, Electric field norm, Electric potential
% Length unit:        mm
% r                       z                        es.Er (V/m)              es.Ez (V/m)              es.normE (V/m)           V (V)
0                         3025                     -4.0978193283081055E-8   -2.9802322387695312E-8   5.0669426131007984E-8    275000
0.3541919886970735        3025                     -1.4901161193847656E-8   7.450580596923828E-9     1.666000468656264E-8     275000.00000000006
49.86046097008812         3025                     3.5762786865234375E-7    1.1920928955078125E-7    3.769728732309794E-7     274999.99999999994
50                        3025                     3847454.137537658        -1.191663624349076E-7    3847454.137537658        275000
150                       3025                     2.790400729298465E7      -5.5361336977178544E7    6.199605838202665E7      0
150.12414847483967        3025                     -3.0012414464203582E-5   -2.6954919006463535E7    2.6954919006463535E7     -5.918687593715428E-9
150.26120415977815        3025                     344494.16426198184       -1.9455862532850605E7    1.9458912177364655E7     8.847829219166955E-9
150.41250560852407        3025                     104415.41582568921       -1.5953280519151047E7    1.5953622218850061E7     0
150.57950522916565        3025                     39625.669715400785       -1.376173452007434E7     1.376179156922187E7      0
150.76380020407635        3025                     19118.319259721786       -1.2196747243159965E7    1.2196762227069179E7     0
150.96718163160475        3025                     10699.014752048999       -1.0993669389854858E7    1.099367459598238E7      0
151.19162619649688        3025                     6586.969330385327        -1.0023097540279772E7    1.0023099704688534E7     0
151.43931529812696        3025                     4771.7570703411475       -9214294.206865378       9214295.442427402        0
151.7126562517001         3025                     3557.7317189611495       -8523281.311471315       8523282.053993706        0
152.01430568514672        3025                     2791.0058656623587       -7921749.715720543       7921750.207386765        -3.6022068256675223E-9
152.3471953591053         3025                     2262.507197264582        -7390160.284802625       7390160.631137379        8.093152899721643E-15
152.71456066093833        3025                     1879.3615278275684       -6914668.896477577       6914669.151876624        0
153.11997204971703        3025                     1593.541295312345        -6485102.138537277       6485102.33432246         2.9493484942885337E-9
153.5673697577912         3025                     1370.819956210442        -6093779.577196697       6093779.731382396        0
154.06110208620842        3025                     1192.4440543428063       -5734773.210043418       5734773.334017179        4.091757624714595E-13
154.605967666181          3025                     1050.4700348908082       -5403429.161427975       5403429.26353788         0
155.20726209733849        3025                     938.1547633102164        -5096023.0999952145      5096023.186350235        0
155.87082941604947        3025                     844.8186437273398        -4809538.175212077       4809538.249410316        3.914145145237507E-15
156.6031188940313         3025                     -5.011161104577455E-6    -4541018.583059077       4541018.583059077        -2.974976940006982E-10
157.41124771928068        3025                     4.271863327426275E-6     -4289389.981766564       4289389.981766564        0
158.30307016852052        3025                     -1.6159902683888675E-6   -4052402.9522783216      4052402.9522783216       3.800085247950351E-9
159.28725394345557        3025                     1.5654371568656043E-6    -3828594.902521647       3828594.902521647        0
160.3733644127517         3025                     4.2179270490639993E-8    -3616718.5601840196      3616718.5601840196       9.124339518669955E-10
161.57195757848993        3025                     505.70336081366986       -3416015.16248508        3416015.1999169816       0
162.8946826706408         3025                     471.592083344236         -3224914.4908560007      3224914.5253373943       0
164.3543953666796         3025                     441.76140237459913       -3042947.460684656       3042947.492751121        0
165.96528273672715        3025                     415.60033006453887       -2869412.8528908235      2869412.882988206        0
167.74300112856443        3025                     392.25477713765576       -2703696.570922093       2703696.599376434        -1.2290656494099572E-9
169.70483138990284        3025                     371.21813143091276       -2545260.6264140652      2545260.6534845545       0
171.86983640510346        3025                     351.1392368339002        -2393632.7605271544      2393632.7862827266       0
174.2590591385189         3025                     -1.899811646019426E-6    -2248191.964973272       2248191.964973272        -2.7811063212431314E-10
176.89572068230999        3025                     316.7500235796906        -2109188.2900109347      2109188.3137951028       0
179.80544693013735        3025                     301.3999655181542        -1975685.0862928196      1975685.1092828042       0
183.01651770770198        3025                     286.92010369501077       -1847605.6597681649      1847605.6820464972       0
186.56014233822916        3025                     273.38038312247954       -1724702.4876123911      1724702.5092789782       -6.945377698934388E-13
190.47076202562528        3025                     260.80972811975516       -1606758.7292003236      1606758.7503676938       0
194.78638200416032        3025                     249.14413174218498       -1493586.083388702       1493586.104168488        0
199.54894706994162        3025                     238.61085561616346       -1385018.4953854596      1385018.5159393873       0
204.80474559605668        3025                     9.806288293760288E-8     -1280769.361986866       1280769.361986866        0
210.6048591245039         3025                     220.2792806661455        -1181133.3932224344      1181133.4137632817       0
217.00565723840924        3025                     0                        -1085701.545769043       1085701.545769043        0
224.06935170332991        3025                     203.16545155807398       -994122.4412932147       994122.4620533336        0
231.86459402084475        3025                     194.75140046223532       -906686.4421833111       906686.4630990907        0
240.4671460159328         3025                     185.994283687789         -823170.0686888872       823170.0897014788        -5.119628135215456E-13
249.96061737370076        3025                     0                        -743586.1228723318       743586.1228723318        0
260.43727428273644        3025                     170.35591622372158       -667511.1481735301       667511.169911847         0
271.9989401781952         3025                     172.5098780069966        -595167.7693365724       595167.7943376384        0
284.7579839775014         3025                     1.6596590771904276E-8    -526216.4887808892       526216.4887808892        0
298.8384097664157         3025                     1.3167637673863896E-8    -460734.9068701382       460734.9068701382        0
314.3770664191896         3025                     -3.135456680680344E-8    -398454.49395092943      398454.49395092943       -4.599945704645979E-11
331.5249743852051         3025                     177.79743383656023       -339298.39583445725      339298.44241871126       -3.6530451973165664E-13
350.4487944451126         3025                     185.14616771944566       -282833.202998344        282833.2635978411        0
371.3324474808353         3025                     188.80911220912822       -228897.17738579033      228897.2552567261        0
394.37890207555597        3025                     164.4211397539184        -177171.04154795012      177171.1178423184        0
447.57246152640323        3025                     -33.02592819200072       -79054.90357538883       79054.91047383432        0
474.8853347141675         3025                     -145.7409328744834       -36371.81254065962       36372.10452960345        -1.1871496926342132E-14
419.8121471779027         3025                     86.7859477760212         -127230.31301091511      127230.34260999286       0
500                       3025                     -222.65962607499023      0                        222.65962607499023       0
20.688766947633173        3025                     0                        -2.0489096641540527E-8   2.0489096641540527E-8    275000
21.896118196521147        3025                     4.470348358154297E-8     4.470348358154297E-8     6.322027276634104E-8     274999.99999999994
18.664987491757984        3025                     2.9802322387695312E-8    -1.341104507446289E-7    1.3738191809196602E-7    275000
22.61471217934309         3025                     9.499490261077881E-8     -8.195638656616211E-8    1.2546266704089128E-7    275000
23.920308652162923        3025                     -1.4901161193847656E-8   -5.21540641784668E-8     5.4241045484546706E-8    274999.99999999994
18.20856989607604         3025                     -2.2351741790771484E-8   -1.1920928955078125E-7   1.2128666487410446E-7    274999.99999999994
17.528025399008726        3025                     2.2351741790771484E-8    -1.4901161193847656E-8   2.6863450374185958E-8    275000
15.5086822300201          3025                     -2.9802322387695312E-8   -7.450580596923828E-9    3.0719530773294423E-8    275000
25.213496422308452        3025                     2.9802322387695312E-8    -1.4901161193847656E-8   3.332000937312528E-8     275000
26.13367656386549         3025                     -2.9802322387695312E-8   7.82310962677002E-8      8.371548747362283E-8     274999.99999999994
14.269976293031775        3025                     2.9802322387695312E-8    5.4016709327697754E-8    6.169265196352898E-8     274999.99999999994
12.430615611457672        3025                     -4.0978193283081055E-8   -1.4901161193847656E-8   4.360340502381185E-8     275000
27.17156177442353         3025                     -4.470348358154297E-8    -3.166496753692627E-8    5.478203732465484E-8     275000
28.275617641025068        3025                     -5.9604644775390625E-8   3.3527612686157227E-8    6.83872392426648E-8      274999.99999999994
9.031362322313417         3025                     1.4901161193847656E-7    1.1920928955078125E-7    1.9082797281243946E-7    275000.00000000006
9.735487046141856         3025                     5.21540641784668E-8      0                        5.21540641784668E-8      275000
8.71641004376383          3025                     -5.9604644775390625E-8   -3.725290298461914E-8    7.028863677424642E-8     275000
29.717386138012206        3025                     2.9802322387695312E-8    2.9802322387695312E-8    4.2146848510894035E-8    275000
29.7502741555506          3025                     5.9604644775390625E-8    -1.4901161193847656E-8   6.143906154658885E-8     274999.99999999994
5.3727903005552236        3025                     2.9802322387695312E-8    7.450580596923828E-9     3.0719530773294423E-8    274999.99999999994
8.048930705651363         3025                     0                        -3.91155481338501E-8     3.91155481338501E-8      275000
3.934024931667233         3025                     0                        -1.1175870895385742E-8   1.1175870895385742E-8    275000
31.413976452698492        3025                     2.9802322387695312E-8    -1.1920928955078125E-7   1.228781230931777E-7     275000
31.573512456791438        3025                     -3.725290298461914E-8    -1.7881393432617188E-7   1.82653228523303E-7      275000.00000000006
31.8647649868772          3025                     0                        2.9802322387695312E-8    2.9802322387695312E-8    274999.99999999994
33.29036450094683         3025                     4.470348358154297E-8     2.9802322387695312E-8    5.3726900748371916E-8    274999.9999999998
34.60401486879989         3025                     -1.1920928955078125E-7   -1.1920928955078125E-7   1.6858739404357614E-7    274999.99999999994
34.98246130203531         3025                     2.086162567138672E-7     3.725290298461914E-8     2.119163074095233E-7     274999.99999999994
36.24634747633462         3025                     1.4901161193847656E-8    -1.4901161193847656E-7   1.4975481660844222E-7    274999.99999999994
36.520225178242576        3025                     5.9604644775390625E-8    -5.9604644775390625E-8   8.429369702178807E-8     275000
35.22321651977844         3025                     2.086162567138672E-7     -8.940696716308594E-8    2.2696772533249583E-7    274999.99999999994
36.6152763433586          3025                     0                        3.725290298461914E-8     3.725290298461914E-8     275000
37.473255269432705        3025                     -2.9802322387695312E-8   0                        2.9802322387695312E-8    275000
38.34890579083217         3025                     -1.1920928955078125E-7   -5.9604644775390625E-8   1.3328003749250113E-7    274999.99999999994
38.819387613245915        3025                     0                        5.21540641784668E-8      5.21540641784668E-8      275000.00000000006
39.39438394928913         3025                     -2.9802322387695312E-8   -6.332993507385254E-8    6.999185021242475E-8     275000
40.07657325132416         3025                     -4.470348358154297E-8    -8.940696716308594E-8    9.996002811937585E-8     275000
40.52681481990132         3025                     -8.940696716308594E-8    0                        8.940696716308594E-8     275000.00000000006
41.17702651213095         3025                     2.9802322387695312E-8    6.705522537231445E-8     7.337970883992392E-8     275000.00000000006
41.90482985204573         3025                     -5.9604644775390625E-8   -8.940696716308594E-8    1.0745380149674383E-7    275000.0000000001
42.222626798181075        3025                     -1.1920928955078125E-7   0                        1.1920928955078125E-7    275000.00000000006
42.60171882487819         3025                     1.1920928955078125E-7    1.7881393432617188E-7    2.1490760299348766E-7    275000.00000000006
43.1447847189464          3025                     -1.4901161193847656E-8   1.2665987014770508E-7    1.2753339684474237E-7    275000
43.71434914123506         3025                     1.7881393432617188E-7    2.9802322387695312E-8    1.812804499357408E-7     275000.00000000006
44.19575401069676         3025                     -1.1920928955078125E-7   -8.940696716308594E-8    1.4901161193847656E-7    275000
44.60062015944806         3025                     -1.1920928955078125E-7   -8.940696716308594E-8    1.4901161193847656E-7    275000
45.07061426488466         3025                     -5.9604644775390625E-8   -5.9604644775390625E-8   8.429369702178807E-8     275000.00000000006
45.49209296781353         3025                     0                        -2.9802322387695312E-8   2.9802322387695312E-8    275000
46.1704454802545          3025                     2.682209014892578E-7     1.1920928955078125E-7    2.9351883535969567E-7    275000
46.336278892611034        3025                     1.7881393432617188E-7    0                        1.7881393432617188E-7    275000
46.56240405488742         3025                     1.1920928955078125E-7    5.9604644775390625E-8    1.3328003749250113E-7    275000
47.07406129264902         3025                     0                        -5.9604644775390625E-8   5.9604644775390625E-8    275000
47.487520699393386        3025                     0                        -1.1920928955078125E-7   1.1920928955078125E-7    275000
47.703057825785535        3025                     -1.4156103134155273E-7   3.725290298461914E-8     1.463806830673553E-7     275000
48.244964191602755        3025                     1.4901161193847656E-7    0                        1.4901161193847656E-7    275000
48.31745790620543         3025                     1.7881393432617188E-7    -2.980232238769531E-7    3.47551816394645E-7      275000
48.82218118972013         3025                     -3.5762786865234375E-7   -1.4901161193847656E-7   3.8743019104003906E-7    275000
48.88825411720576         3025                     4.172325134277344E-7     1.1920928955078125E-7    4.3392836387637365E-7    275000
49.250999833340835        3025                     5.21540641784668E-7      5.364418029785156E-7     7.481807595868821E-7     275000.00000000006
49.37065622198818         3025                     4.172325134277344E-7     -5.9604644775390625E-8   4.2146848510894033E-7    275000
49.613880377081315        3025                     -2.980232238769531E-7    0                        2.980232238769531E-7     275000
50.21089800768186         3025                     3831454.5389306843       -2609.419696688652       3831455.4275058056       274190.2667294809
149.0698436489593         3025                     7034043.7574055195       -5633795.672062675       9012071.085807506        11441.793684564504
149.11727110458193        3025                     7222311.5424385145       -5745315.6187595725      9228782.995346855        11104.982663013006
148.77487330334446        3025                     6243166.052056834        -4977540.560636047       7984549.6044756295       13394.671231202212
148.87576059403284        3025                     6488277.777685326        -5176614.954229996       8300306.675344162        12751.981732298987
148.60147429930552        3025                     5922034.24545455         -4682129.621628683       7549359.403159264        14449.38803896415
148.94195677264793        3025                     6639437.945323994        -5312398.808195378       8503159.255660437        12316.718316205004
149.13621928483497        3025                     7279191.17826454         -5809799.149157375       9313452.118482923        10967.594119267114
149.3079299733266         3025                     8016197.372481383        -6380821.915860951       1.0245697079091731E7     9662.527955926898
148.18626983061856        3025                     5310378.2495727055       -4183590.5518509448      6760365.896833644        16772.19370458756
148.34809500519253        3025                     5519056.319045216        -4356698.690865979       7031415.656593362        15896.272618027031
148.0869362474631         3025                     5191290.388966421        -4087305.0344872475      6607235.302872142        17293.871524414426
148.35161372193045        3025                     5531938.414821811        -4369110.607941747       7049217.696298671        15876.816214423003
148.55338147781453        3025                     5827847.6672992855       -4615770.812749147       7434322.338254687        14731.885463545408
148.56851882773927        3025                     5875711.265857406        -4650693.398105115       7493526.003351302        14643.147184016016
147.98124876130717        3025                     5084503.58889286         -3987374.3222771585      6461526.9659283785       17836.88294130194
147.87767892086572        3025                     4970987.252785707        -3900682.6266992837      6318705.502046413        18357.73926415465
149.32555712059917        3025                     8089678.696632843        -6464110.901830554       1.0355077554799862E7     9520.577631214652
149.44170187889927        3025                     8789229.47593558         -6994809.160774702       1.1232894105096538E7     8545.305586579747
147.70410933442463        3025                     4823902.820995711        -3764718.986565551       6119080.606939046        19207.786773826
147.63702635650392        3025                     4760563.281118152        -3717332.43758703        6039993.642800227        19529.408022412354
149.5088479642994         3025                     9253419.548636101        -7436329.965638876       1.187117419217406E7      7939.5589604564275
149.57077336497275        3025                     9736594.835250657        -7843786.351273984       1.2503050160271365E7     7349.040610759919
147.37348275545614        3025                     4565646.703730151        -3545369.6714778244      5780551.524786953        20758.14465493077
147.46794701153428        3025                     4634874.375611708        -3609912.753442347       5874821.747522875        20323.74110362985
147.3378758391337         3025                     4544119.106603399        -3522366.170930948       5749441.877010048        20920.329989393656
149.6281719623677         3025                     1.0554569171027891E7     -8266029.973994743       1.3406199383754963E7     6767.118205934561
149.68119568232748        3025                     1.1026551464650244E7     -8890595.765306361       1.4164304792846836E7     6193.386295084476
147.10316961550393        3025                     4390925.241875514        -3394614.557950005       5550102.023997906        21967.962743505253
147.0232584766922         3025                     4338213.808305517        -3350861.8598888963      5481639.741047448        22317.02612801385
146.78157116382081        3025                     4212539.913220509        -3229806.9792879876      5308214.920661488        23350.330473004284
50.59669564076071         3025                     3802139.634373307        -7319.76592194289        3802146.6802643924       272717.7559717578
50.991542933605935        3025                     3772934.5128738284       -12101.146922707558      3772953.919171465        271222.2579985092
51.209650036007645        3025                     3756785.114939511        -14750.96750150621       3756814.0745681445       270401.1129471822
149.77583711944402        3025                     1.317871909081161E7      -1.032779077149205E7     1.6743413603391595E7     5047.97549950218
149.7846803472685         3025                     1.3354098561184794E7     -1.0420529450454265E7    1.6938694826037288E7     4930.598450733693
146.69684500216167        3025                     4171319.730218619        -3196956.1100830734      5255514.880723736        23705.065491593145
146.0369503380589         3025                     3880351.503100008        -2938960.0111701563      4867711.344653437        26357.110233015454
146.0979874688027         3025                     3907756.822295457        -2962468.8585124314      4903752.14706582         26119.312142074046
145.95273315727303        3025                     3852107.6958455807       -2909631.5606547403      4827493.08846226         26682.71319015388
146.64873461492084        3025                     4143783.9554510564       -3172244.6493073255      5218628.324043835        23905.192245381964
146.36882739968758        3025                     4013931.069808878        -3058858.9985867366      5046608.862039151        25046.815332568083
51.43862015826619         3025                     3740316.7827055454       -17519.1630419516        3740357.811234435        269542.80677813786
51.84007611543287         3025                     3711395.9888154864       -22305.039229814894      3711463.013498952        268047.0403718147
149.79085612061624        3025                     1.3868423223585248E7     -1.011257304017342E7     1.7163836872952417E7     4847.241020864998
149.88815952431483        3025                     1.7186295762564823E7     -1.3465621123759491E7    2.1833270810554046E7     3336.376091736932
145.4310295340083         3025                     3676368.817499101        -2750454.533169806       4591371.017606188        28645.567584183613
145.5520378711923         3025                     3716176.0447672084       -2786907.170286253       4645085.141468839        28198.168248102116
144.99284465835314        3025                     3551195.8942428958       -2637372.8669917583      4423429.4296204075       30229.536582480665
145.0113360343171         3025                     3561526.1577171087       -2639506.9151933193      4432997.329962713        30163.71791114282
145.04003898930407        3025                     3569287.131775424        -2647644.177766621       4444078.118251199        30061.38129083732
145.71490900383122        3025                     3767759.5405934155       -2833799.9340391457      4714491.915561313        27588.713482351544
52.23956150709279         3025                     3683407.498961866        -27032.08611524105       3683506.690246164        266569.98318414454
52.48868508473144         3025                     3665934.214188516        -29987.563273671083      3666056.862176181        265654.532657155
144.90411498866183        3025                     3530276.807011403        -2615614.656259671       4393665.253995009        30543.704949335915
144.48935796995184        3025                     3428828.6400021166       -2517577.652833551       4253829.225597292        31987.18898454315
52.75953418208684         3025                     3647509.1922324896       -33184.81509740045       3647660.145815884        264664.11288456054
53.16568537871325         3025                     3619831.308245361        -37906.601197466254      3620029.780342651        263188.29444808816
144.3804452171754         3025                     3405410.4357957616       -2492923.424524687       4220365.794190188        32359.70833178093
144.05210444505326        3025                     3337661.8631226122       -2426051.4468260556      4126222.5261357278       33466.721114332126
143.8949636669869         3025                     3304890.191072101        -2395721.732566148       4081884.5886348053       33988.79888614703
53.5419618372115          3025                     3594929.7365264          -42265.61824071407       3595178.1865502913       261830.9229143444
53.89171545757056         3025                     3571831.835403025        -46298.805587887764      3572131.8900339343       260577.62251132814
143.54514572188097        3025                     3242643.0700758453       -2331516.7921738564      3993833.3255281914       35134.02120161118
143.45165131656083        3025                     3224218.6733644903       -2315606.653159797       3969586.9087135745       35436.366694717944
54.442069517309584        3025                     3536561.5218886137       -52672.11790911853       3536953.7387571437       258621.571218224
54.671239621180135        3025                     3521823.2884945124       -55173.299975037575      3522255.437700741        257812.78839742765
54.76308164304589         3025                     3516088.349446791        -56349.227804005146      3516539.8499931106       257489.5889137406
143.11462182701246        3025                     3169900.008185461        -2261635.030678883       3894002.962747725        36513.89429470488
142.76927573376386        3025                     3118699.7800426334       -2206059.6492254734      3820076.8963436834       37599.16884124925
142.8449975874399         3025                     3129138.5958395973       -2218457.7346455753      3835761.081243432        37362.61988960419
142.61507940403817        3025                     3093831.1743079275       -2184259.9856035095      3787186.689328665        38077.825933523585
55.48394776635681         3025                     3471504.7740456187       -64327.97305737436       3472100.7307304884       254971.0293306376
55.606247950120775        3025                     3463906.3295683563       -65844.2445730865        3464532.0787325846       254546.90854150866
140.25983942889158        3025                     2821758.2805588096       -1897496.438310314       3400413.5818018573       45024.28114553107
140.3683782041047         3025                     2837171.610653594        -1908024.4476653934      3419078.829332184        44716.83283587724
141.1478115708942         3025                     2911951.6088508368       -1993893.759209603       3529174.7612301633       42477.780220739995
141.19391757600937        3025                     2917337.6048372574       -1995261.058384277       3534391.799405144        42343.4279488143
141.85449523495527        3025                     2992803.235448271        -2077306.566797819       3643085.7495495463       40391.751413840226
142.1872304327226         3025                     3034761.40392372         -2122382.5114166215      3703280.2086140057       39388.959957671366
141.18463643242276        3025                     2915040.5947528854       -1996157.0802096426      3533002.2301052036       42370.48821623589
56.48381508556531         3025                     3411856.7835385203       -75646.27793192863       3412695.2795031047       251529.92509981984
56.70235488074035         3025                     3399136.876626581        -77950.8527199924        3400030.564786511        250785.71706536599
56.73495812999913         3025                     3397239.106288761        -78311.58626128733       3398141.5876682387       250674.92509525234
139.84271532695385        3025                     2788882.766859701        -1855471.2247533523      3349722.4591262373       46194.447949630725
139.07547967588664        3025                     2724389.640596673        -1784749.9303095639      3256935.8648168775       48309.665055465746
56.83506715616219         3025                     3391228.5789801776       -79298.84723770618       3392155.5952027235       250335.1507106526
57.99977564636123         3025                     3325513.37955668         -92079.75075330865       3326787.928033478        246423.58565785803
138.81403291633475        3025                     2706143.084782675        -1759853.473262228       3228048.1165357833       49020.505360731855
137.9073533066195         3025                     2647029.2005028874       -1686908.562832825       3138857.1308158743       51446.79227461159
137.50575390212273        3025                     2621145.145864211        -1657136.9571744725      3101048.9790586964       52504.740835874385
136.98455960705292        3025                     2592463.6313475007       -1619021.940646179       3056484.864047782        53863.35418519562
58.48035361695436         3025                     3299671.4559781477       -97318.66327634454       3301106.275117304        244831.58627613366
59.096107775707274        3025                     3266607.398219362        -103891.73250514269      3268259.0757442084       242809.97952013192
135.98696589958342        3025                     2540280.9725745916       -1552223.4356704876      2976982.5350292544       56422.75815838936
136.3820112736957         3025                     2559740.404151216        -1578900.9453124255      3007523.7541460423       55415.38823201468
135.57971858096448        3025                     2521658.6559254676       -1525926.189858228       2947407.8635131386       57453.19847539869
134.71560672880062        3025                     2481750.554401365        -1474983.9498558044      2886981.72259606         59614.97596805944
134.01075551289617        3025                     2456269.694822792        -1434702.1458704695      2844579.2414819775       61355.26075647265
60.094528359327036        3025                     3215231.4489081055       -114515.16522073746      3217270.1150374752       239574.2704977502
60.32425687920535         3025                     3203526.4441471547       -116946.40314733982      3205660.3281631717       238836.98462263576
133.23032843597412        3025                     2426087.989006363        -1394387.8740135543      2798253.111067149        63260.15681806724
132.62761559543162        3025                     2407476.536387861        -1363520.7665650249      2766790.9487549225       64716.78252059016
61.68163545865886         3025                     3137276.711989686        -131170.8772956133       3140017.669797945        234533.88745851867
61.82148354617962         3025                     3130548.55323343         -132640.98335802555      3133357.2848652457       234095.61577039084
131.40352878732685        3025                     2370350.376006067        -1306294.0383174568      2706467.2581754676       67639.8953590561
131.8095154462207         3025                     2381687.3877835497       -1325598.0078906566      2725737.4950003726       66675.26339172691
130.62552330702755        3025                     2349060.530404106        -1271736.9652974121      2671217.0043645445       69475.30759823418
62.18105780087872         3025                     3113786.8354846193       -136400.06158025307      3116772.9198060636       232973.01152987193
63.21182953817213         3025                     3066474.272517681        -147029.06425884366      3069997.0699904053       229787.88333518768
130.28398758809206        3025                     2339958.568800807        -1257678.5598987043      2656531.848808367        70275.92727582979
129.78196455344286        3025                     2328228.4494797476       -1237418.5892899483      2636636.584379272        71447.70673510124
129.25765301492527        3025                     2315737.627676907        -1215480.3279466406      2615345.710965176        72665.14923447004
129.0039318704442         3025                     2310483.6324886084       -1205205.213758096       2605926.7494055647       73251.98871406428
63.57244978878489         3025                     3050423.827239018        -150824.93352130428      3054150.2396508334       228684.9231946884
64.58385844783916         3025                     3006564.2628923655       -161058.47492322326      3010875.038796215        225621.9278275646
65.18381151870742         3025                     2981216.4833541326       -167285.84460765123      2985906.2735505407       223825.68512226513
66.23432566518132         3025                     2938577.434304134        -177738.038553074        2943947.7148465393       220716.27149490998
128.18768938838508        3025                     2292725.4345438182       -1174012.3324473053      2575828.968495871        75130.77604107953
127.14044839185901        3025                     2274040.964427136        -1136081.7757863104      2542035.4264184586       77522.04728799284
66.74136536037007         3025                     2918196.5072948337       -182955.89484069124      2923926.0788612156       219231.37916697928
67.309770521553           3025                     2896636.1563425306       -188616.218971923        2902770.5903653656       217578.77838237715
68.5481252788071          3025                     2849777.0748265535       -201004.05883651972      2856857.0156512456       214020.72930139414
126.84707546272742        3025                     2268952.072908382        -1125670.1804047674      2532839.6838741577       78188.54502679927
125.70485606081355        3025                     2249647.878003143        -1086708.2976076603      2498369.5681570773       80768.88226701385
124.38361547908426        3025                     2231115.5798151195       -1045400.0565754473      2463886.7686607894       83729.47111255466
124.57683751246879        3025                     2234821.529539779        -1051568.4281554967      2469863.038305553        83297.88972048482
122.83462062974618        3025                     2212816.642868392        -997872.1086814813       2427407.308269415        87171.28517442654
69.67980687772751         3025                     2809806.747806996        -212277.75608742237      2817814.0119161946       210818.3038906014
70.31527003357274         3025                     2787471.551670471        -218661.72485619225      2796034.7997278697       209039.8718244364
71.83403983270584         3025                     2737131.8437455297       -233995.37014207244      2747115.680726556        204844.65614023842
122.7613031996621         3025                     2213564.7393300086       -997167.0091027766       2427799.600306439        87333.47349973266
122.75360111759817        3025                     2211244.8940242594       -995743.1140535027       2425099.6537324656       87350.5221867311
120.34079688484705        3025                     2189230.9140559756       -931232.2876632586       2379059.807706588        92659.26551465863
71.90077897924654         3025                     2734895.5636262298       -234593.24562901258      2744938.5666781664       204662.05752349863
72.0329547247109          3025                     2730667.8232939094       -235644.6230629757       2740816.511470841        204300.864594409
73.68926246122061         3025                     2679526.275610415        -252326.62439510226      2691380.64700355         199820.69323389416
74.0524113049703          3025                     2668667.2945869914       -255979.23477846384      2680915.9811221277       198849.59807831078
113.96999186975768        3025                     2159765.79866549         -783611.1166448575       2297527.9513456593       106491.90015411325
114.34868030762203        3025                     2160013.33432059         -791635.5939055458       2300509.621362393        105673.9749482185
120.26420579436707        3025                     2190904.063481886        -929112.9953958541       2379771.328005045        92826.90249355632
116.49312099350155        3025                     2167952.7365257796       -837300.4365035146       2324024.760792921        101035.62730813712
117.14929969647757        3025                     2169400.111394424        -852776.3158217967       2330992.12528587         99612.58802508825
119.8318651784611         3025                     2185696.89349173         -918690.051127959        2370920.1421095757       93772.49372844837
120.19921377948857        3025                     2187631.253236994        -926043.4793103747       2375560.360359746        92969.2742194705
76.16101321274283         3025                     2608650.856814039        -277018.3412247002       2623318.21442453         193286.69826548512
76.82185736644865         3025                     2590743.348450814        -283684.6209741533       2606228.7047992134       191568.70363380446
108.93796743342399        3025                     2160533.6204704894       -687984.8305788748       2267427.761206509        117350.3731374224
111.01407845568322        3025                     2157444.0692319497       -725808.0816800371       2276260.5921326694       112869.98041073832
112.05682056410922        3025                     2156359.804401003        -745755.4020221308       2281674.5442068465       110620.52985169667
78.90124412465045         3025                     2537618.082892444        -304699.653176032        2555845.7334644273       186237.56878786779
80.0876686940198          3025                     2509108.24082464         -316842.1079555005       2529034.022220303        183243.78873519725
103.92334993452799        3025                     2177072.676620677        -606755.4352085562       2260043.7158257454       128219.23770654439
105.75076831295723        3025                     2169654.013343714        -636094.7402892411       2260976.57136073         124246.95753561083
102.32857793467777        3025                     2188223.9230799153       -582502.0551786856       2264427.64994306         131700.06410066644
107.41394896598891        3025                     2163039.393751535        -662552.886226112        2262236.889887432        120643.86527197428
82.07926851162573         3025                     2463567.5938191414       -337543.0387733653       2486584.1213078215       178291.75355653654
85.15652769870624         3025                     2401769.117176912        -369754.1756902952       2430064.4112173594       170805.80251046014
85.67108893056896         3025                     2392206.7779634558       -375768.4699077718       2421539.8430567123       169572.26685185495
86.04682564457985         3025                     2385218.3980094455       -380172.68063290045      2415325.666096055        168674.6407455257
89.07035625819897         3025                     2333602.5900128866       -412857.3509719074       2369842.239552328        161540.89088678866
100.72996940248905        3025                     2197875.726157539        -559692.3670936076       2268019.67659352         135205.97013557993
97.13020153489845         3025                     2230459.65826151         -511104.63829765096      2288269.7040387145       143176.10800467856
91.93745496344553         3025                     2291190.6891205683       -446300.43995055         2334253.3831212153       154910.13306092602
96.13194947922938         3025                     2240627.6218139576       -497595.5497864578       2295215.343013147        145407.81871878638
89.35923593113594         3025                     2329862.9573022425       -416542.1928357743       2366805.610569146        160867.17729119142
96.68762059206664         3025                     2234098.5793121606       -505549.3758238703       2290584.3432365726       144164.08241849244
