% Model:              NoFoilsFinal.mph
% Version:            COMSOL 4.3.2.164
% Date:               Mar 19 2014, 20:01
% Dimension:          2
% Nodes:              274
% Expressions:        4
% Description:        Electric field, r component, Electric field, z component, Electric field norm, Electric potential
% Length unit:        mm
% r                       z                        es.Er (V/m)              es.Ez (V/m)              es.normE (V/m)           V (V)
0                         2975                     4.470348358154297E-8     -2.9802322387695312E-8   5.3726900748371916E-8    275000
0.2375847285206095        2975                     4.470348358154297E-8     2.9802322387695312E-8    5.3726900748371916E-8    275000
49.76823849118166         2975                     -2.384185791015625E-7    0                        2.384185791015625E-7     275000
50                        2975                     4002813.1482080817       -2.730236492647625E-7    4002813.1482080817       274999.99999999994
150                       2975                     1.968963218401629E7      3.2216745418683004E7     3.775712251899081E7      0
150.12414847483973        2975                     610402.7326244172        1.6359241485381013E7     1.6370625323212504E7     -7.421767365349688E-9
150.26120415977817        2975                     -1.2851699104619399E-5   1.2440741542320365E7     1.2440741542320365E7     -6.281814873427057E-9
150.41250560852401        2975                     43083.32573894784        1.0383889421745267E7     1.0383978798899293E7     -4.721910239899585E-9
150.57950522916568        2975                     20147.219603631645       9097790.048819821        9097812.356982458        -4.137425110614078E-9
150.76380020407632        2975                     10787.306018530391       8161920.6944462          8161927.823033004        -3.711415017371368E-9
150.9671816316047         2975                     6271.709933590144        7432137.605663708        7432140.251896904        -3.3798218814877692E-9
151.19162619649688        2975                     3925.3129483424127       6836561.608689722        6836562.735577867        -3.108929605450571E-9
151.43931529812698        2975                     2800.10399583634         6334910.843854032        6334911.462693208        -2.8811014310361333E-9
151.7126562517001         2975                     2048.3983573252335       5902057.918497209        5902058.2739609955       -2.6840720628613525E-9
152.0143056851467         2975                     1589.2339080702513       5521731.232134484        5521731.460836702        -2.51075930761211E-9
152.34719535910534        2975                     1298.431774747558        5182666.948968381        5182667.111618717        -2.356760731140153E-9
152.7145606609383         2975                     1086.4163850084879       4876811.226590161        4876811.347601668        -2.217951561803786E-9
153.11997204971703        2975                     926.5679103415459        4598249.788594563        4598249.881948352        -2.0908706864844243E-9
153.5673697577912         2975                     802.8425429845229        4342502.567088535        4342502.64130336         -1.9745604105602985E-9
154.0611020862084         2975                     705.0720868087374        4106103.4952192074       4106103.555754292        -1.867373020280186E-9
154.6059676661809         2975                     626.7165749184787        3886322.0091712372       3886322.0597040625       -1.767309631927171E-9
155.20726209733849        2975                     562.3938983753324        3680972.608324817        3680972.651287225        -1.6734577128635978E-9
155.87082941604945        2975                     508.9594339230098        3488278.8225602037       3488278.8596902206       -1.5861856686924794E-9
156.6031188940313         2975                     -7.378432939020042E-6    3306491.4250003872       3306491.4250003872       -1.725387884921548E-9
157.41124771928068        2975                     6.150464029773582E-6     3134993.3004353335       3134993.3004353335       -1.6200657739249473E-9
158.30307016852046        2975                     -9.539432541315305E-8    2972451.3306794204       2972451.3306794204       -1.8121919070495654E-9
159.28725394345562        2975                     -1.4322230226246181E-8   2818003.453060907        2818003.453060907        -2.9887821156005555E-10
160.37336441275173        2975                     -3.973070053253868E-6    2670915.004992531        2670915.004992531        -3.357884260322204E-10
161.57195757848993        2975                     318.9839080586098        2530752.4928389685       2530752.51294183         -1.150424699584588E-9
162.8946826706409         2975                     299.76404630136676       2396564.9897287516       2396565.0084761013       -1.0893792299166577E-9
164.3543953666796         2975                     282.57363401609473       2268091.427772617        2268091.4453750504       -1.031222601244539E-9
165.96528273672723        2975                     267.0000380105339        2144921.5265872194       2144921.543205315        -9.753386808712945E-10
167.74300112856446        2975                     253.06426715222187       2026697.5141490228       2026697.5299485002       -9.213620311280186E-10
169.7048313899029         2975                     240.65486797131598       1913104.8296246277       1913104.844760956        -8.700516517388559E-10
171.86983640510354        2975                     229.19356115534902       1803870.8034489593       1803870.8180092282       -8.200157788193567E-10
174.2590591385189         2975                     -2.126895932840088E-8    1698620.8091481784       1698620.8091481784       -9.436959948382266E-10
176.89572068231007        2975                     208.98485415312462       1597551.1507910953       1597551.1644603508       -7.262272463357481E-10
179.80544693013738        2975                     199.94289587880485       1500073.1396928793       1500073.15301795         -6.823342751066393E-10
183.01651770770218        2975                     191.72355829179287       1406161.990543799        1406162.0036141006       -6.390204368155802E-10
186.56014233822916        2975                     184.00274620670825       1315679.7671206058       1315679.7799873424       -5.733051698249288E-13
190.47076202562542        2975                     176.6139177547302        1228506.4031870756       1228506.4158823597       -1.117257656031253E-9
194.78638200416032        2975                     169.55616419762373       1144538.9668609756       1144538.979420309        -5.20940364919222E-10
199.54894706994173        2975                     163.30384979990777       1063685.9284487544       1063685.940984479        -4.836573799566093E-10
204.80474559605676        2975                     -4.155501514978301E-9    985773.1325691529        985773.1325691529        -3.182569899660753E-10
210.604859124504          2975                     151.6746464704629        911024.3459199129        911024.3585459192        -4.140607662819703E-10
217.00565723840938        2975                     2.804699297313238E-7     839177.7942649351        839177.7942649351        -7.966635232352612E-10
224.0693517033301         2975                     141.22297588246875       770004.8809887422        770004.8939392632        -3.4956591655451444E-10
231.86459402084483        2975                     136.59035560011398       703725.4450202433        703725.45827607          -3.197575330860912E-10
240.467146015933          2975                     132.52720183611382       640198.4870061509        640198.500723349         -2.9130580394873753E-10
249.96061737370098        2975                     5.343115143559731E-8     579450.6000178091        579450.6000178091        -7.076127702218154E-11
260.4372742827366         2975                     126.08385653793812       521187.41360173246       521187.4288526175        -2.3706660994269074E-10
271.9989401781954         2975                     124.27601538965246       465583.25807602814       465583.2746622428        -2.1164796718390325E-10
284.7579839775017         2975                     -1.7239370034404154E-9   412408.8674107208        412408.8674107208        -1.9810621369378464E-10
298.8384097664158         2975                     -2.0930231484752754E-9   361731.30565977143       361731.30565977143       -2.439626284120193E-10
314.37706641918993        2975                     -3.3318329970332896E-8   313370.7216601584        313370.7216601584        -9.99264737889082E-11
331.5249743852052         2975                     108.33917658866267       267263.9970007955        267264.0189591903        5.208192570666377E-13
350.44879444511287        2975                     105.40971402361174       223121.43322560715       223121.45812506892       -1.0232596002824803E-10
394.3789020755557         2975                     68.11768269388995        140126.24168801453       140126.2582445794        -6.367721739469931E-11
419.81214717790255        2975                     -18.85069174307864       100741.93414366335       100741.93590732107       -4.543566706609843E-11
371.33244748083524        2975                     95.46816448832396        180820.41235860734       180820.4375608776        -1.6441723716845904E-10
447.57246152640306        2975                     -106.29467994214792      62651.79778583055        62651.88795523712        -2.8366063526861725E-11
474.8853347141674         2975                     -108.39954619287892      28824.700574398288       28824.904399933956       -1.31141180271118E-11
500                       2975                     -169.79474169507375      0                        169.79474169507375       0
7.268117943103072         2975                     2.0838342607021332E-8    2.7939677238464355E-9    2.102481339392805E-8     275000
8.395522845123608         2975                     -2.9802322387695312E-8   -1.4901161193847656E-8   3.332000937312528E-8     275000
5.167624663564119         2975                     5.21540641784668E-8      1.1175870895385742E-8    5.3338039902137046E-8    274999.9999999999
10.466726377251202        2975                     2.9802322387695312E-8    7.450580596923828E-9     3.0719530773294423E-8    275000.00000000006
12.991313541667457        2975                     -1.862645149230957E-9    -1.1641532182693481E-8   1.1789602135468427E-8    275000
18.064806357957824        2975                     0                        -2.2351741790771484E-8   2.2351741790771484E-8    275000
20.62057725054345         2975                     2.2351741790771484E-8    -4.470348358154297E-8    4.998001405968792E-8     274999.99999999994
17.64240329393544         2975                     4.470348358154297E-8     -3.725290298461914E-9    4.485843546238652E-8     275000
16.528852345288296        2975                     -1.30385160446167E-8     -5.587935447692871E-9    1.418548283328099E-8     274999.99999999994
14.037762906503536        2975                     1.4901161193847656E-8    2.60770320892334E-8      3.003425057343598E-8     275000
0.9091124012430615        2975                     1.4901161193847656E-8    2.2351741790771484E-8    2.6863450374185958E-8    275000
20.75761039402183         2975                     -5.9604644775390625E-8   5.21540641784668E-8      7.920075813483186E-8     275000
22.50895761447848         2975                     -9.406358003616333E-8    -2.9802322387695312E-8   9.86718577352217E-8      275000
23.407249781330584        2975                     -2.514570951461792E-8    5.9604644775390625E-8    6.469173351977861E-8     275000
24.737879321805956        2975                     -2.9802322387695312E-8   0                        2.9802322387695312E-8    274999.99999999994
27.56972649991831         2975                     -7.450580596923828E-8    -5.9604644775390625E-8   9.541398640621973E-8     274999.99999999994
27.769649139011364        2975                     -2.9802322387695312E-8   -8.940696716308594E-8    9.424321830774485E-8     275000
27.44757006296818         2975                     -7.450580596923828E-9    -4.470348358154297E-8    4.53201124839352E-8      275000.00000000006
27.15398782193361         2975                     2.2351741790771484E-8    0                        2.2351741790771484E-8    275000
30.566433206052306        2975                     -1.4901161193847656E-8   5.9604644775390625E-8    6.143906154658885E-8     275000.00000000006
31.657092942526575        2975                     -1.4901161193847656E-8   5.9604644775390625E-8    6.143906154658885E-8     275000
29.931141215799848        2975                     -5.9604644775390625E-8   -4.470348358154297E-8    7.450580596923828E-8     275000.00000000006
32.47567297254254         2975                     2.9802322387695312E-8    -2.60770320892334E-8     3.960037906741593E-8     275000
33.07060681736931         2975                     -4.470348358154297E-8    1.4901161193847656E-8    4.712160915387242E-8     275000
34.33322085686976         2975                     1.4901161193847656E-8    -2.9802322387695312E-8   3.332000937312528E-8     275000
35.43758187011244         2975                     2.9802322387695312E-8    -1.4901161193847656E-8   3.332000937312528E-8     275000.00000000006
35.96939993058745         2975                     -1.4901161193847656E-7   -5.9604644775390625E-8   1.6049041769309353E-7    274999.99999999994
36.51088764723217         2975                     8.940696716308594E-8     -1.4901161193847656E-7   1.737759081973225E-7     274999.99999999994
37.21999438411579         2975                     7.450580596923828E-8     1.043081283569336E-7     1.2818463544611077E-7    275000
37.863803490975386        2975                     -5.9604644775390625E-8   0                        5.9604644775390625E-8    275000
39.19623664912905         2975                     1.1548399925231934E-7    4.470348358154297E-8     1.2383438750054435E-7    275000
39.51850794299616         2975                     7.450580596923828E-9     -2.2351741790771484E-7   2.2364155977671794E-7    275000.00000000006
38.712492948488105        2975                     5.21540641784668E-8      -2.9802322387695312E-8   6.006850114687196E-8     275000
40.61331979834359         2975                     1.4901161193847656E-8    1.8300488591194153E-7    1.836105467356594E-7     275000
40.894049450138205        2975                     5.9604644775390625E-8    -9.499490261077881E-8    1.1214608865596629E-7    275000
41.02456203039265         2975                     -5.9604644775390625E-8   0                        5.9604644775390625E-8    275000
41.95919932729845         2975                     8.940696716308594E-8     1.6763806343078613E-8    9.096499865557834E-8     275000.00000000006
42.784770636126126        2975                     2.9802322387695312E-8    0                        2.9802322387695312E-8    275000
43.01318948371481         2975                     -2.9802322387695312E-8   1.1920928955078125E-7    1.228781230931777E-7     275000
43.387947661007786        2975                     0                        5.9604644775390625E-8    5.9604644775390625E-8    275000
43.95919897480975         2975                     -1.6624107956886292E-7   -1.30385160446167E-8     1.6675160999782503E-7    275000
44.33878158812831         2975                     1.1920928955078125E-7    -1.7881393432617188E-7   2.1490760299348766E-7    275000.00000000006
44.785822843337           2975                     -5.9604644775390625E-8   0                        5.9604644775390625E-8    275000
45.177647691992775        2975                     -5.9604644775390625E-8   -5.9604644775390625E-8   8.429369702178807E-8     274999.99999999994
45.583640641835615        2975                     -1.7695128917694092E-7   1.4156103134155273E-7    2.2660821771477186E-7    275000.00000000006
46.16735003062828         2975                     -4.0978193283081055E-7   1.7881393432617188E-7    4.4709691967599086E-7    275000.00000000006
46.342715653732455        2975                     2.9802322387695312E-8    5.9604644775390625E-8    6.664001874625056E-8     275000.00000000006
46.75486648748283         2975                     7.450580596923828E-8     1.4901161193847656E-8    7.598131170262075E-8     275000
47.29430154561053         2975                     -2.60770320892334E-8     -2.384185791015625E-7    2.3984042708307315E-7    275000.00000000006
47.51724778675483         2975                     -5.9604644775390625E-8   -7.450580596923828E-8    9.541398640621973E-8     274999.9999999999
47.87375617685427         2975                     -2.384185791015625E-7    -2.9802322387695312E-8   2.4027400458748785E-7    275000
48.172626781459236        2975                     2.980232238769531E-7     0                        2.980232238769531E-7     275000
48.454250640786725        2975                     1.4901161193847656E-7    2.980232238769531E-7     3.332000937312528E-7     274999.99999999994
48.78703231489685         2975                     1.1920928955078125E-7    1.1920928955078125E-7    1.6858739404357614E-7    275000.0000000001
49.07090020106764         2975                     5.9604644775390625E-8    1.7881393432617188E-7    1.884864366154897E-7     275000
49.39614094338707         2975                     3.3155083656311035E-7    2.384185791015625E-7     4.0837406392486084E-7    275000
50.2127468551824          2975                     3986016.1158650517       1329.3226679314378       3986016.337527315        274150.20084873954
149.31001711228862        2975                     6380174.707419636        4243475.796722472        7662487.594415188        7061.832998079117
149.32106816335548        2975                     6434860.079483807        4292949.961737312        7735427.823754465        6990.800252402167
149.1754090805188         2975                     5983779.323393285        3965062.6014346182       7178254.413460452        7894.070099162687
149.6814462291779         2975                     8461817.746028645        5746765.638916306        1.022876702616862E7      4356.093009427726
149.77606466097572        2975                     9720461.05474998         6756588.263905215        1.1838025514622478E7     3489.7589418540115
149.62917478343687        2975                     8073682.30829302         5450128.454099014        9741059.807917383        4791.075294129378
149.44305680733694        2975                     6900335.061602637        4627155.096719358        8308139.879147354        6177.429066156426
149.50899576620768        2975                     7292909.229686528        4833407.039262771        8749191.31346674         5709.586136671217
149.57243347914903        2975                     7645797.433378141        5120853.9020952135       9202247.718837803        5237.047185763753
149.15247018933138        2975                     5939607.54912553         3927804.44369483         7120855.6779040145       8030.546211857867
149.15073865598674        2975                     5935913.106088617        3924080.2508211136       7115719.936725932        8040.827641857611
148.9912097793358         2975                     5564694.942185311        3667608.839452684        6664621.8496486535       8955.418194813867
148.97380703235748        2975                     5534871.927068772        3639479.664996922        6624244.823448186        9051.999671711073
148.8496204718442         2975                     5298649.726980619        3479800.1950829327       6339140.188300855        9723.821073318482
148.82467084948573        2975                     5262699.760758817        3448007.549119234        6291642.45890325         9855.571913975826
148.72742662520545        2975                     5103272.637951117        3342093.978791356        6100244.567255807        10359.753143870239
148.52555763439977        2975                     4847935.088211933        3145581.2080746144       5779027.232684459        11364.173274360155
148.52456186399587        2975                     4839100.016335696        3159658.1767781973       5779301.753861054        11368.992613182405
148.5238446702398         2975                     4843155.884832003        3139296.126691684        5771597.620749759        11372.47713997238
149.88820023727317        2975                     1.2448029500209603E7     8353011.789144192        1.4990872035597876E7     2237.5820368059262
149.79060758333358        2975                     1.0419270983574852E7     6926895.526696041        1.2511718086135354E7     3344.028585182145
149.784620064774          2975                     1.035328267312064E7      6800979.5095887035       1.2387242808606986E7     3406.2166104565513
148.2977712786126         2975                     4604329.991189819        2977374.992081657        5483121.055680176        12440.389727143494
148.26931032061822        2975                     4582640.883683905        2953325.5590898395       5451855.585650129        12571.258972011074
148.11592310176815        2975                     4445860.78782391         2851957.9580877274       5281982.803778346        13263.69114617095
147.95773822729203        2975                     4323137.9487041235       2759230.540420443        5128632.848890101        13957.196150940305
147.86894580983653        2975                     4266260.131282382        2708360.738104582        5053334.878619856        14338.532860945239
147.7308729344968         2975                     4167507.005168434        2642325.827375315        4934571.958756161        14920.684556709686
147.48904853926064        2975                     4032011.4815175235       2537871.8050415665       4764232.350118335        15911.882569846257
147.4409147387207         2975                     3999996.9093314633       2514916.9539235327       4724910.852047187        16105.308198124294
147.40146933222212        2975                     3982582.317899935        2498031.5150760207       4701183.188215731        16262.746239386835
147.12051330685762        2975                     3845704.701325206        2391780.5324958414       4528803.237657922        17362.717093577092
146.798369838529          2975                     3718815.8271689713       2290441.707501605        4367575.342437186        18580.89187126043
146.74091999835895        2975                     3693657.051235482        2270497.5904895663       4335696.220973112        18793.88788625959
146.70353679258545        2975                     3681898.337279469        2258765.9826007485       4319536.911546843        18931.748838650907
146.36523159972455        2975                     3567169.731788529        2166770.7043091953       4173678.8544928576       20157.493755575546
50.5997554412123          2975                     3955424.232520044        3693.709146231413        3955425.957175034        272613.49828484014
146.26523597697394        2975                     3537786.7424691897       2139966.1821186244       4134657.2162395907       20512.726029205453
145.94401920787627        2975                     3443388.982305698        2064611.3866571784       4014915.673009677        21633.78639325094
146.08955482352428        2975                     3486418.5927683115       2097547.202486843        4068761.343536993        21129.465076975157
50.98784152095041         2975                     3925567.146023661        6045.786675333977        3925571.80159488         271084.2471682605
51.21298893362323         2975                     3908229.1329778433       7426.475861618295        3908236.188922116        270202.36621850944
145.658125452412          2975                     3372791.816565022        2004183.8445025682       3923324.8043532          22608.138156507073
145.54773098297144        2975                     3344334.136521119        1981152.9772628564       3887098.909986462        22979.11389737955
145.09818217018005        2975                     3250560.5382059906       1898566.9537332281       3764399.0609856825       24461.178658993827
145.18395551260102        2975                     3267452.179644866        1913261.4959159354       3786398.460017179        24181.716735955804
144.98912957412725        2975                     3228032.2362639625       1879684.2454609647       3735425.6760098273       24814.5217295423
51.458767427595745        2975                     3889831.3986037374       8927.467499585822        3889841.643208559        269244.06843183015
51.84143842971243         2975                     3861155.4900946617       11209.388613297604       3861171.7611472853       267761.03064885794
144.59438607920004        2975                     3154157.101026412        1815503.6974646896       3639335.1993823405       26074.12943712682
144.30332020956075        2975                     3108705.307127635        1771629.9544934183       3578089.068514348        26985.582183757066
144.16507044201106        2975                     3085650.865474969        1752830.9245760813       3548754.360864762        27413.76337026379
52.19142583909432         2975                     3835639.2912955284       13283.748970031738       3835662.2936484856       266414.14016507904
52.47797785692432         2975                     3814742.2764083743       14997.078549696133       3814771.755660143        265318.0230212442
143.90436503481598        2975                     3046680.461238336        1717231.6641016528       3497305.594466227        28213.177094005576
143.49421219456818        2975                     2992538.5224729404       1667595.4802231789       3425808.151976013        29451.339902561704
52.803179530683224        2975                     3791680.4077814817       16938.8404666055         3791718.2436291724       264081.2123271361
53.10558806931884         2975                     3770222.531687677        18693.61020516511        3770268.8749620942       262937.8240667209
53.31199084190793         2975                     3755910.0421945453       19932.026500046253       3755962.929894041        262161.11379957886
143.35932663657604        2975                     2974894.548670754        1649872.6213860512       3401775.601433794        29853.800172352487
142.4388584421462         2975                     2871133.7710871724       1547775.9320110045       3261750.981787203        32542.001704814207
142.73620436119063        2975                     2899723.2612435906       1579111.4248340614       3301815.846445502        31683.9216009945
143.24423767062885        2975                     2960711.595627714        1635407.5809025317       3382361.764826151        30195.239474928036
53.75921733573189         2975                     3725076.888391167        22477.90287694335        3725144.705987106        260488.2660219245
54.1323863861379          2975                     3699811.519426942        24731.095962911844       3699894.1750260675       259102.87916204554
142.27240461786369        2975                     2853030.9600936263       1531767.281033758        3238224.307008134        33018.412752004064
141.9241037571619         2975                     2820311.4540805477       1498854.608042059        3193856.890041701        34006.427774960364
54.748423830104805        2975                     3659059.676225722        28148.502280950546       3659167.9453615877       256836.20906111982
54.98812451512492         2975                     3643328.687439263        29674.220899507403       3643449.530884694        255960.98998459114
141.56993792055198        2975                     2789554.9947024584       1467847.7436574288       3152172.9119814537       34999.81776315317
141.33292214808745        2975                     2768753.5239314884       1445963.7430682816       3123588.8369872035       35658.52115672342
55.52200114422537         2975                     3609406.934276879        32642.156003534794       3609554.5331182596       254024.95240127417
55.84842979601619         2975                     3588746.7868851125       34493.368222251534       3588912.5501786103       252850.13675263964
141.20581235831878        2975                     2760487.3075485732       1434790.8299098313       3111095.4502763352       36009.98517181103
140.3637401279637         2975                     2697992.58642249         1369296.786642149        3025580.5535961576       38306.31996778538
56.00039826602929         2975                     3579321.2552745193       35334.813822589815       3579495.662454117        252305.47658598117
56.7910133362593          2975                     3530787.9815531075       39816.42487886548        3531012.477798684        249494.82050654734
57.510278678153           2975                     3488395.3034900427       43741.83142593503        3488669.537406471        246970.49287388177
57.908470816137445        2975                     3465091.4411239177       46003.64535006136        3465396.8071110877       245586.0725747113
139.30779433796235        2975                     2629228.4454655275       1293735.0750742257       2930288.8360914844       41118.28181705823
139.77244252993776        2975                     2659020.643428214        1325379.017304534        2971030.17852201         39889.590273828995
140.180159729695          2975                     2683036.382700056        1355259.987287419        3005896.5158558763       38800.56600801099
58.59520378606926         2975                     3426457.266833946        49716.7357198894         3426817.9343597754       243219.77601947603
59.06012185849362         2975                     3400274.7430347838       52360.098856553435       3400677.860085035        241632.84047598307
138.86875281085736        2975                     2606695.7647743225       1266602.1015603207       2898127.6186133367       42267.941861055624
138.2774511236677         2975                     2575646.1308787055       1228892.598351568        2853792.2155955425       43799.948343275
59.339199606064014        2975                     3385360.24563294         53874.30909459974        3385788.8938757447       240685.96452876925
60.219213362306235        2975                     3338114.8683856428       58670.00295719504        3338630.414374178        237727.61368449483
137.99726963540428        2975                     2562491.419108183        1212420.9088606723       2834841.5711015686       44519.904536286434
137.1903201559465         2975                     2527601.446564913        1167721.0604833886       2784302.7040488054       46573.12315074691
61.08651060066001         2975                     3293590.7333300114       63277.53154937923        3294198.531460468        234851.78148438624
61.41774999011548         2975                     3276798.1210054457       65164.56304734945        3277446.0096395137       233763.5840642188
136.24009714780266        2975                     2488876.953943938        1118095.0894014388       2728487.698491028        48956.14702059814
137.13088229649932        2975                     2524427.1451061964       1164773.8894611          2780185.3579427684       46723.288929258546
62.543518352908684        2975                     3221705.402162105        71302.26561528444        3222494.3307013535       230105.76006365224
62.75993942660202         2975                     3211436.6516727507       72392.09214234352        3212252.47804587         229409.66049592217
135.87714323069955        2975                     2477572.393966591        1099719.4783548266       2710672.9604322165       49857.44314305735
135.03546155151815        2975                     2448287.7190068588       1061126.9839785323       2668352.1565129263       51930.1336695235
134.18109162231238        2975                     2423646.489022739        1024566.3319427106       2631311.1697978238       54011.08758954301
62.81793252473647         2975                     3208709.284079939        72705.34336985648        3209532.884501314        229223.49841927737
63.981914190664696        2975                     3154546.1694904864       78982.76834240556        3155534.790355215        225520.2713091833
64.46931284722275         2975                     3132964.9916232154       81594.17028236948        3134027.3207744574       223988.00906267297
65.18921227153524         2975                     3101031.3603347614       85339.87020228803        3102205.407645632        221744.08183013607
65.60978407385149         2975                     3082972.0757924914       87810.02800945938        3084222.3365275217       220443.5927808152
66.98535181679155         2975                     3025848.4357838035       94895.6590847075         3027336.113227009        216242.0445592478
133.729832015298          2975                     2411890.4134461656       1004862.0996156521       2612845.8059589914       55102.12883069875
132.1416012079211         2975                     2373910.638518203        944332.3736705421        2554841.5511792786       58899.51134310108
67.25542423228443         2975                     3015231.9571356624       96567.14551958442        3016777.911767116        215426.24195587257
68.47181249500726         2975                     2967111.6559594534       103085.18816755712       2968901.839898044        211787.66153166574
131.97602223479842        2975                     2370469.0924819633       937709.0019489527        2549200.245321729        59292.296105082656
131.7803763556417         2975                     2364225.169791922        930654.6952057034        2540802.7895108396       59755.17904715175
130.2825127097069         2975                     2334317.0624057725       878046.1979766861        2493993.0380055252       63274.81381119057
70.48013403785384         2975                     2893460.930838056        113996.26712675393       2895705.666535372        205902.70444192487
70.55289258615727         2975                     2890581.539777234        114630.61484954879       2892853.5766543234       205692.2685971539
128.19110678102038        2975                     2301740.723063359        812965.744585827         2441090.6697782087       68123.45004339072
129.47895748063587        2975                     2322599.68185053         851582.7664061952        2473795.159299212        65146.01096093762
70.66416319039588         2975                     2886978.899527341        114802.56561857462       2889260.5966559513       205370.8399893452
72.75188654221782         2975                     2816126.3254552186       126755.184394449         2818977.5376353716       199417.58701129825
127.26576956428947        2975                     2291146.01872671         785544.3977508023        2422071.4440257386       70248.43456059477
125.84232475198453        2975                     2272682.5937648313       747393.5542363673        2392422.0566019933       73496.30312364412
73.96448617441996         2975                     2778325.324532062        133560.90624367818       2781533.7719705687       196025.5841595976
75.0847782852251          2975                     2743752.967287807        139967.11813515797       2747320.7202035417       192932.39967600268
124.69921541845166        2975                     2263133.989451498        717779.2656995766        2374233.0400529085       76088.99500239015
123.5524728820875         2975                     2252035.3304483294       690384.7366143167        2355481.7371691796       78677.62974228621
122.03237596730965        2975                     2242597.6421825886       656334.5689108521        2336668.4084547167       82093.31149065384
77.60001656054928         2975                     2672297.914647758        154169.0553470999        2676741.347657142        186121.40808293573
77.60521553567938         2975                     2672596.5212638304       154808.3594762385        2677076.3518501394       186107.51294371157
121.7759641179386         2975                     2241214.295541428        650413.6890182346        2333683.6729517495       82668.16274624573
119.83535787935654        2975                     2229712.6167705804       609265.2991180867        2311454.6411503213       87005.22318280335
77.61462772093384         2975                     2671599.6497450992       154132.75576123595       2676042.1511845975       186082.3691893487
80.37803974384455         2975                     2601904.60531193         171347.66337216645       2607540.526413067        178796.9705285246
119.21555493030868        2975                     2228453.6003571395       596501.2637204826        2306906.8482634556       88386.81546716405
117.20083903577437        2975                     2221154.085642431        558793.716171734         2290365.885486221        92868.22702265772
116.30631858099969        2975                     2220481.95159412         542519.7298864275        2285796.962696222        94854.79416664387
114.57683529644879        2975                     2218641.5411755443       513960.90327639226       2277394.5855574696       98692.47351000547
81.3465102443875          2975                     2577431.66244822         177202.1036562398        2583515.9299162044       176288.45156190795
84.86072607767677         2975                     2502423.8757291734       200507.54509793036       2510443.890920611        167363.83584946458
114.11295836466049        2975                     2218607.0112783536       506062.8174225913        2275591.4935838464       99721.64213205267
113.54993043242445        2975                     2218534.871942904        496921.1744058132        2273505.582047154        100970.46047278382
111.66780363363345        2975                     2219660.171383351        467864.8895184025        2268433.122503204        105147.55549026602
107.49056765979888        2975                     2232607.7656236826       409785.90074765496       2269903.504463293        114446.16482024918
108.11042735537134        2975                     2231297.788038863        419300.61961199343       2270353.0184784313       113062.15619279031
108.74410458940622        2975                     2228764.69173742         426567.25743283983       2269218.2962970245       111649.85631139003
86.18002758472913         2975                     2476691.3535137177       210166.76775090396       2485592.5110195503       164080.09251417266
88.86603940480609         2975                     2426988.9459036933       228809.40296767838       2437750.825335753        157494.30718193477
89.52443910053213         2975                     2416721.9593740106       234332.39215743542       2428056.156462363        155899.26331206347
85.15128346480768         2975                     2496232.158105448        202576.14731806703       2504438.476509657        166637.637631286
104.21833286639013        2975                     2251330.3148047775       370409.1686786115        2281598.3736407594       121781.18320639149
102.65571798113123        2975                     2260617.118370233        352874.6525388658        2287992.6302925367       125306.98339613962
99.38596349084833         2975                     2290101.782932294        318805.84912415897       2312185.8371734414       132746.85017691416
98.03932534747429         2975                     2301910.362237599        304941.5224599112        2322020.8112540687       135839.25493205822
98.65024939939389         2975                     2295565.2583990935       312512.1537094116        2316739.886518336        134433.52782697597
93.75365218163313         2975                     2353102.799512048        268262.57797690015       2368344.9064302794       145814.18742903217
92.7139191144796          2975                     2367514.537096545        258711.47614516318       2381608.0095709865       148269.64996831812
